275
874
867
137
67
883
440
789
538
182
667
194
869
240
489
261
822
735
151
128
888
833
457
836
896
225
21
834
93
667
625
805
990
275
24
215
477
360
394
786
489
188
191
27
395
234
622
500
65
671
921
275
688
601
802
874
889
913
102
339
960
846
290
681
174
98
578
705
182
932
117
115
239
124
213
926
242
854
54
332
390
689
38
34
331
299
773
362
877
89
187
798
700
515
104
564
127
448
779
601
145
832
155
573
201
834
438
248
270
741
90
291
347
702
105
101
921
868
700
213
464
787
477
239
791
604
296
874
905
168
673
60
701
248
201
189
780
846
200
57
917
533
426
192
623
171
659
657
625
507
33
225
16
291
949
241
258
480
721
391
538
641
998
868
895
984
752
829
444
280
129
732
470
116
900
206
487
998
779
241
107
756
54
356
439
777
461
392
337
661
121
104
541
394
701
868
301
489
780
490
53
556
690
486
695
580
176
754
533
798
136
99
854
306
154
446
740
906
500
646
698
257
395
660
83
615
518
282
340
763
297
500
659
804
710
221
815
167
409
647
137
983
329
895
551
295
855
418
318
862
637
36
620
681
411
357
534
518
819
206
875
61
92
978
71
283
727
448
672
883
739
118
432
45
369
905
574
278
363
329
204
289
53
687
388
350
683
823
100
95
543
414
348
827
454
632
637
92
249
139
20
228
212
553
29
345
257
804
937
473
769
378
774
381
589
527
125
6
361
573
565
710
891
900
791
247
555
605
447
35
156
468
168
334
74
632
279
964
345
532
644
886
211
654
810
705
563
429
362
678
703
673
334
943
101
351
419
276
273
487
547
60
796
495
540
806
348
502
776
272
950
953
491
65
285
432
928
220
652
82
367
943
350
22
657
270
196
951
782
856
336
600
643
326
193
524
816
860
16
25
870
587
104
398
88
115
780
381
647
996
295
309
30
394
147
697
80
250
951
109
509
469
378
440
882
185
997
255
874
576
845
499
963
942
888
801
198
131
430
655
192
612
237
58
677
12
30
0
679
875
532
599
593
604
375
414
151
856
684
221
766
852
94
715
756
722
656
67
664
76
21
242
82
617
227
480
169
489
867
324
398
467
93
678
888
373
481
602
300
346
266
309
876
217
306
950
106
53
505
194
923
148
997
207
936
824
476
56
398
258
232
438
778
591
170
266
267
563
689
319
311
718
120
238
703
946
847
308
614
723
973
607
789
100
497
533
391
210
217
999
516
242
301
777
712
473
164
799
888
274
797
804
660
524
535
258
182
323
502
519
38
194
637
176
575
357
395
882
366
820
377
726
504
336
442
599
881
800
965
366
885
715
205
991
185
406
945
859
329
416
435
601
416
946
66
622
97
825
343
485
798
552
999
119
250
381
715
779
934
7
634
245
127
529
547
292
974
410
526
530
293
706
315
362
348
74
121
996
677
46
688
563
49
720
257
398
984
590
442
435
262
601
206
429
540
947
550
924
377
785
143
769
130
625
918
408
231
297
20
29
418
677
436
223
908
290
483
786
494
180
945
906
710
930
601
972
458
9
9
829
117
459
689
336
17
992
265
827
867
971
31
132
290
401
590
563
786
990
474
927
525
676
527
776
928
1
895
787
824
83
5
649
726
212
74
681
213
760
337
581
866
742
878
247
493
555
188
669
725
142
162
60
627
521
439
400
626
807
910
648
345
417
29
715
295
227
743
131
124
245
844
458
897
449
262
327
325
53
722
252
49
313
947
235
457
243
512
58
27
202
743
55
470
400
476
169
600
586
450
86
708
946
779
113
314
973
75
728
254
330
850
919
19
483
159
649
608
519
274
303
319
152
594
29
276
775
959
378
979
259
636
167
868
422
371
666
861
6
837
405
309
347
90
831
338
640
744
458
270
4
377
109
571
865
345
130
732
696
228
627
792
73
66
532
730
465
911
92
207
424
981
517
871
887
658
847
363
170
577
433
595
303
934
219
166
746
635
715
283
832
900
875
938
411
488
186
819
804
561
446
294
603
120
65
101
7
38
611
716
104
731
423
88
965
104
117
864
727
648
934
178
288
285
515
304
750
482
358
783
789
590
144
326
440
841
183
875
133
367
755
628
209
526
315
438
873
9
517
150
617
156
413
788
880
278
279
912
700
723
757
78
399
805
975
475
838
21
417
843
127
52
409
637
950
995
933
793
203
499
829
450
346
837
777
905
143
585
564
184
479
522
523
629
847
695
818
106
560
244
254
364
980
910
993
947
992
338
77
226
582
987
45
478
320
689
703
981
472
582
806
958
831
355
173
448
301
414
798
708
264
955
836
747
296
148
238
530
337
935
6
421
793
319
17
283
444
509
632
521
971
638
477
146
974
81
629
606
52
397
685
424
657
911
666
195
182
94
997
43
664
609
529
775
656
394
592
209
155
609
816
861
880
95
918
238
456
259
654
608
555
385
395
894
212
467
876
530
175
706
672
56
281
722
974
697
160
911
696
523
798
350
943
986
297
592
725
858
767
84
54
224
558
192
865
786
126
473
694
614
745
106
987
945
837
435
819
376
645
504
824
595
365
684
298
434
940
766
353
756
39
960
155
704
41
134
80
892
940
962
107
891
1
512
57
713
60
401
781
551
300
752
53
332
194
614
466
527
92
479
270
3
219
607
603
88
288
557
351
861
147
237
835
986
633
763
363
228
101
679
752
876
397
941
104
554
888
662
362
21
399
373
686
499
195
145
226
92
258
895
819
490
276
684
616
734
798
169
344
292
513
267
600
243
126
994
791
123
123
230
30
301
811
443
916
352
333
34
501
83
865
155
100
195
59
184
53
18
208
324
120
652
367
256
195
914
197
400
456
451
478
257
642
813
519
565
748
205
734
258
54
280
241
850
295
540
405
245
659
195
243
605
144
755
856
499
852
292
76
632
435
464
185
120
401
740
692
883
914
232
524
808
413
301
575
747
876
196
269
953
755
583
266
458
614
816
941
846
627
241
252
268
59
491
958
87
350
714
988
487
10
397
709
200
688
198
255
251
483
886
595
479
5
365
46
486
268
755
305
985
147
898
226
427
16
603
526
584
120
423
25
164
40
527
759
640
3
0
166
141
146
714
21
162
939
773
397
260
910
256
850
377
958
539
566
357
35
996
717
800
808
298
169
921
451
769
610
494
514
427
870
40
360
168
703
658
370
880
732
719
711
303
112
305
725
229
180
210
650
179
210
877
606
168
134
150
20
19
881
820
449
129
45
191
171
955
384
676
963
445
547
263
316
844
943
449
309
904
961
196
957
520
500
2
194
854
544
710
499
536
624
724
807
216
510
820
778
607
526
373
925
86
984
858
891
903
983
508
88
220
281
611
381
536
178
226
867
154
684
533
17
218
599
487
592
676
632
122
163
455
254
740
507
127
172
28
642
348
276
207
877
774
543
633
928
504
5
924
741
915
228
872
782
31
836
684
455
605
128
822
671
850
795
929
245
817
882
68
626
221
62
128
845
603
975
140
976
951
724
305
257
370
762
383
511
65
779
845
18
630
554
253
68
905
276
875
975
22
824
684
89
617
438
86
568
80
246
802
896
358
852
59
478
216
40
263
736
860
597
105
676
134
219
471
908
176
125
837
1
771
517
94
728
919
87
394
508
328
973
696
757
773
70
27
563
880
545
25
405
3
107
517
545
204
578
22
378
997
557
21
235
631
287
42
557
841
791
373
391
911
696
882
595
343
510
568
270
134
47
444
195
918
932
448
584
780
404
721
834
735
103
80
361
796
170
290
823
213
792
502
683
220
139
507
715
281
520
226
360
390
427
835
422
650
488
641
808
189
449
191
548
846
533
992
510
155
484
764
170
997
777
522
72
367
145
527
707
374
847
372
577
695
79
638
356
261
855
975
618
941
736
165
215
305
145
607
230
107
407
990
669
221
197
745
837
794
625
596
639
364
275
502
280
613
922
30
150
883
488
128
547
848
215
589
183
329
914
375
553
608
979
252
133
742
623
573
465
45
984
739
893
788
554
522
745
261
862
902
509
90
190
733
714
888
662
193
191
325
393
195
732
216
152
644
847
713
285
448
671
686
313
896
412
326
302
65
695
243
673
521
781
37
622
772
154
556
349
655
212
531
484
805
703
812
745
223
775
668
544
58
229
440
930
418
982
860
469
556
800
376
659
487
124
279
238
769
677
900
809
852
804
613
915
46
23
317
879
686
549
913
987
690
355
123
23
37
450
764
834
247
133
166
10
641
395
761
844
781
349
96
323
690
153
833
868
540
568
309
877
448
874
481
832
224
695
209
660
385
470
759
731
13
304
453
384
614
336
812
971
890
452
84
388
581
213
969
255
844
537
221
154
441
847
111
191
508
289
329
44
804
994
127
940
925
81
925
605
106
337
248
407
906
26
112
560
796
880
281
470
339
169
480
223
492
285
820
728
863
736
274
711
184
655
629
401
723
246
16
366
36
513
606
594
722
242
480
163
48
623
394
599
806
63
138
390
942
922
774
607
248
591
365
244
827
354
58
761
493
269
718
798
593
867
675
724
31
542
126
594
915
505
619
941
864
113
980
594
749
869
785
474
959
952
234
752
886
541
143
873
257
31
278
521
977
777
436
263
177
150
232
656
348
11
592
846
631
923
199
9
41
878
563
475
488
49
463
11
603
779
369
177
582
329
291
687
803
66
503
593
467
519
208
315
494
416
912
548
786
83
789
275
125
876
730
854
594
232
519
931
669
415
214
629
681
128
609
940
804
211
707
364
479
165
911
162
457
450
765
866
385
687
695
123
392
540
379
744
953
56
429
577
343
380
531
351
833
455
71
333
956
534
118
564
790
583
586
893
742
554
40
461
700
847
508
550
26
673
360
24
153
142
477
769
844
820
495
669
873
740
596
523
839
258
132
756
256
244
449
120
707
47
49
571
514
860
109
47
774
739
323
933
578
625
135
209
275
884
431
632
311
720
664
302
641
798
15
776
221
980
997
258
273
599
58
529
627
156
228
83
428
490
887
916
770
227
372
598
854
292
216
708
288
774
123
884
859
302
454
113
936
433
817
634
995
689
13
941
98
286
101
748
892
134
99
323
18
20
445
46
509
22
196
661
227
998
205
808
254
321
280
124
99
286
117
856
726
285
217
930
36
515
265
227
929
786
864
427
878
635
577
275
649
599
67
136
205
814
993
920
539
975
890
953
764
660
873
923
832
577
568
865
442
693
327
559
76
588
847
916
381
508
990
60
896
289
274
280
919
988
848
516
953
641
784
413
593
767
754
905
631
156
388
916
917
414
129
2
715
203
579
622
416
159
985
418
893
809
956
621
5
317
424
531
23
894
139
480
826
118
773
397
638
956
810
866
350
67
378
280
508
379
1
24
820
59
220
52
997
609
801
708
862
812
894
426
757
752
783
314
96
174
950
90
759
524
657
126
435
907
991
920
405
52
841
368
96
850
812
837
133
455
361
899
859
27
337
9
907
734
106
530
457
714
347
310
990
506
616
93
604
472
270
475
750
826
699
366
731
832
19
137
99
304
244
687
177
22
157
920
122
512
645
962
732
47
403
674
271
931
355
157
144
511
997
502
603
112
25
127
67
723
461
203
62
127
495
290
344
858
955
54
435
898
823
268
131
650
165
74
903
968
754
12
514
880
123
763
88
350
579
824
385
79
878
533
743
69
607
285
201
164
6
797
208
754
575
910
206
141
488
597
917
326
247
597
452
270
519
103
837
335
170
299
514
188
820
206
681
267
465
604
604
137
768
251
673
196
227
470
672
415
496
199
191
624
494
788
881
550
529
494
588
883
287
685
334
48
467
822
484
988
186
491
745
528
895
584
557
10
553
192
531
801
327
614
483
904
292
562
125
707
997
230
468
151
55
14
120
778
192
865
644
565
10
368
257
828
824
103
500
939
431
359
284
316
780
470
178
966
21
472
785
498
387
967
75
226
763
977
659
520
43
3
199
381
883
937
190
475
550
709
252
653
240
792
291
885
946
190
819
798
674
196
822
160
551
107
218
888
910
514
389
301
755
731
215
709
431
645
669
450
580
736
701
268
252
177
365
145
845
978
551
972
322
186
866
543
585
222
70
926
522
21
850
792
530
490
700
286
442
795
869
356
75
285
980
328
4
669
91
737
351
108
741
810
442
837
956
810
619
981
345
538
279
280
898
80
762
417
575
200
6
435
837
258
866
691
599
381
470
423
796
964
866
30
135
586
276
382
354
997
291
242
475
313
71
303
668
427
228
584
180
367
489
652
680
538
161
201
343
91
886
918
98
18
633
0
209
140
60
944
129
270
922
519
641
445
717
158
456
59
576
322
171
432
201
834
84
129
109
168
106
38
330
157
385
389
507
344
782
363
873
640
413
895
663
21
338
619
131
378
371
680
78
945
151
51
509
435
153
165
769
966
484
693
654
934
146
584
304
391
659
480
925
596
382
86
387
477
443
331
76
317
598
520
248
405
851
686
305
612
221
529
518
172
292
611
356
742
371
773
875
999
440
859
530
554
310
662
145
610
945
426
663
7
170
673
734
94
581
58
958
480
514
119
544
451
969
998
366
586
221
654
17
844
242
185
946
765
900
584
711
353
994
34
684
172
399
880
36
537
971
110
800
956
70
54
128
111
326
172
459
748
259
3
918
272
986
188
407
988
836
96
896
17
419
714
188
532
142
591
11
702
586
743
671
89
428
577
31
466
788
605
505
121
875
423
335
463
177
402
772
396
948
992
568
445
99
925
813
933
930
678
965
849
195
454
324
518
52
54
277
502
706
841
99
376
720
88
868
653
128
854
947
249
451
665
572
869
554
423
27
388
869
471
889
103
758
359
590
983
855
535
267
32
302
936
121
44
107
294
486
748
977
932
345
60
206
341
566
653
533
85
854
65
65
392
112
266
258
95
734
699
34
977
494
116
667
214
871
470
237
702
71
168
334
974
891
89
362
737
229
770
807
111
156
189
401
44
329
376
668
600
427
576
123
429
996
48
478
314
912
466
836
463
872
66
487
920
680
587
315
776
448
1
848
18
986
124
462
49
880
479
438
672
105
10
923
412
72
279
944
212
751
199
129
80
435
153
669
7
152
271
960
747
685
115
847
805
151
502
852
41
491
935
502
147
268
961
498
832
147
109
964
436
115
904
673
991
322
697
296
193
932
65
281
191
844
353
91
793
914
149
192
281
298
736
386
93
228
348
696
115
171
483
677
589
12
548
609
902
169
691
953
69
256
650
615
981
893
42
871
133
978
948
448
104
416
652
334
525
575
449
411
913
485
345
593
33
876
844
203
889
935
675
514
336
197
367
782
105
439
63
422
273
119
101
4
229
108
535
941
107
861
244
976
793
437
571
292
630
528
547
734
563
732
722
969
99
389
729
893
629
482
121
263
493
575
238
446
686
925
548
425
468
483
908
27
841
910
233
771
763
992
481
168
278
491
464
549
35
324
523
721
305
108
393
298
656
566
488
40
696
924
582
79
979
321
10
140
426
200
276
329
360
423
200
283
940
286
21
364
289
205
361
597
443
920
859
926
838
38
241
300
193
27
762
772
883
968
939
824
69
60
741
794
404
726
715
904
350
23
418
87
746
716
809
446
345
902
824
853
576
937
360
994
888
802
371
774
942
356
841
438
34
846
723
756
817
832
895
41
694
134
872
771
758
182
409
446
357
374
671
824
224
595
625
765
783
541
930
417
202
736
884
566
995
494
505
800
769
554
128
756
268
659
518
999
949
829
120
648
154
901
804
913
457
810
947
818
342
649
872
883
891
703
916
630
36
828
497
535
58
152
101
438
271
204
429
593
556
871
328
63
255
828
402
759
972
767
83
765
394
205
205
573
780
563
686
46
905
464
593
88
5
718
466
984
806
875
319
887
854
278
590
594
996
791
551
932
124
74
643
730
121
386
381
770
961
831
730
347
379
910
443
875
941
349
671
472
119
513
795
678
947
223
761
316
558
796
975
708
468
908
41
239
316
482
617
837
690
932
576
558
622
219
354
888
61
229
861
283
80
494
225
87
244
309
225
254
976
382
277
480
714
292
992
885
485
669
398
594
775
429
619
959
510
299
980
570
670
569
564
245
389
507
969
371
668
398
699
970
652
545
508
484
37
722
816
739
2
526
529
421
817
807
973
331
70
338
393
865
211
670
791
756
871
921
568
194
598
996
228
548
954
734
980
31
813
335
13
575
308
506
344
650
340
527
360
868
958
252
261
736
558
835
655
65
323
423
281
656
188
421
321
152
894
289
121
557
659
156
651
246
284
737
307
56
104
152
407
575
708
745
632
353
710
982
783
885
227
772
629
653
40
208
760
410
667
577
246
958
872
918
872
773
802
792
648
770
494
203
582
690
151
53
776
992
718
769
144
964
818
710
138
849
968
359
534
200
210
100
406
692
913
246
811
272
83
721
104
399
760
585
612
892
349
127
45
326
185
448
558
538
151
545
688
2
290
407
164
255
295
46
307
489
958
527
148
749
419
930
96
845
320
619
327
241
665
154
418
710
536
912
941
739
885
914
631
405
919
628
544
76
133
176
22
873
560
512
736
424
974
117
503
340
115
16
81
639
511
410
550
640
868
246
947
308
260
726
433
298
236
620
214
496
149
555
949
461
219
975
44
616
196
579
683
560
160
93
895
134
150
536
32
903
482
490
136
916
40
583
913
634
622
450
292
689
982
343
847
129
498
155
537
437
150
713
73
947
279
408
526
214
543
958
227
60
449
792
923
913
51
755
495
576
862
17
197
309
741
166
805
543
806
210
524
772
844
955
620
892
82
134
995
814
153
108
939
18
573
176
444
428
416
137
988
593
774
488
946
528
476
932
712
824
154
891
198
743
105
120
785
870
862
515
955
879
620
991
833
661
758
439
832
184
317
945
863
401
728
481
226
93
198
317
844
258
557
274
281
702
561
737
285
138
823
604
375
450
852
524
547
728
761
918
637
714
594
430
865
599
83
12
529
425
167
824
640
129
550
272
411
372
792
875
937
482
464
758
321
249
973
220
603
817
482
993
11
810
407
660
169
48
227
574
711
106
780
71
595
881
912
328
721
67
43
105
339
871
591
660
348
400
590
703
303
36
628
767
967
164
415
179
897
216
164
29
106
352
297
386
826
765
13
139
147
22
919
986
984
281
981
993
642
280
432
906
880
653
938
237
84
347
609
398
401
841
112
82
403
187
672
411
29
625
802
578
264
98
953
933
909
567
694
151
708
930
456
554
781
779
802
379
816
991
373
142
256
390
223
954
730
914
671
442
499
332
401
995
939
193
808
619
672
282
615
259
806
677
752
752
392
421
180
562
453
673
519
203
641
847
571
71
445
351
957
471
755
528
211
561
448
430
400
17
242
354
114
914
498
974
976
115
657
439
771
962
867
293
346
990
803
76
187
638
825
925
619
357
884
987
405
230
860
87
337
892
612
641
460
912
279
117
390
721
886
195
366
651
342
384
656
64
656
415
769
81
282
194
602
140
843
686
496
317
770
699
662
20
60
647
855
908
113
22
464
406
340
481
742
767
498
295
836
379
623
20
893
908
739
340
916
200
570
543
915
429
845
811
49
333
119
555
357
8
949
929
51
777
596
396
859
964
794
600
210
584
491
689
798
26
614
69
12
101
597
928
645
866
398
834
233
742
826
57
15
436
719
935
943
245
254
918
922
215
112
1
375
706
328
474
390
455
375
990
718
269
313
820
235
296
120
89
684
628
933
692
218
677
356
405
322
689
698
519
84
575
446
694
919
870
441
756
431
868
545
361
364
763
111
519
332
138
323
942
187
237
834
143
458
946
156
626
470
452
162
728
317
221
620
900
959
545
189
437
650
107
665
328
902
380
832
573
479
863
671
66
818
0
758
178
631
746
227
507
670
94
488
924
70
52
130
440
629
669
699
159
3
10
240
914
510
832
950
716
771
752
285
367
376
807
119
448
574
283
121
695
160
790
547
593
990
130
183
422
336
114
542
217
932
30
735
754
934
941
901
418
348
26
742
516
157
512
560
440
734
208
258
984
579
629
583
892
475
289
221
558
663
600
114
341
495
417
576
314
784
283
13
438
96
707
529
593
227
676
576
432
578
527
973
57
591
930
790
375
817
101
329
506
372
861
389
98
974
721
358
443
512
336
742
497
44
555
980
198
118
546
583
836
919
339
864
139
18
242
775
919
605
521
382
629
149
622
214
906
404
801
364
802
35
169
418
132
892
378
357
159
930
180
35
485
44
155
517
338
162
178
203
590
182
461
178
692
240
767
144
67
780
979
786
814
994
724
822
784
982
926
187
842
107
76
186
46
290
444
579
911
39
859
483
7
763
507
521
98
560
103
836
988
155
328
376
481
552
101
171
767
120
773
513
98
30
215
377
536
232
593
432
10
17
934
982
258
84
368
196
621
659
942
320
568
39
606
141
459
490
372
630
237
895
711
387
294
189
749
849
12
280
785
57
380
11
110
963
66
911
40
305
945
952
80
968
73
711
316
757
541
225
726
535
495
765
585
442
857
979
92
811
532
176
397
126
892
165
558
930
258
653
802
640
350
889
41
420
644
798
396
107
251
709
568
416
22
718
666
995
915
789
980
433
962
115
930
446
518
746
600
435
205
663
602
593
226
802
240
467
563
102
329
42
248
393
483
674
912
154
139
894
319
305
110
290
644
952
204
443
889
157
366
948
255
133
131
384
675
823
391
722
93
930
229
504
487
733
248
959
791
236
554
129
803
830
489
668
776
139
126
578
460
95
212
925
551
226
16
918
156
29
442
136
2
839
716
506
728
962
465
955
647
198
732
174
925
333
759
586
865
896
651
623
661
691
183
664
27
819
7
166
285
159
380
386
586
910
606
168
167
456
67
61
727
520
813
440
397
877
476
367
524
97
656
930
843
256
861
876
498
562
487
593
526
716
202
882
906
640
698
163
105
562
53
731
943
534
962
836
736
435
413
914
404
149
548
947
146
589
412
492
462
379
309
952
629
590
187
404
131
718
753
982
320
885
839
240
241
628
928
270
815
360
731
811
550
607
959
474
313
978
421
371
662
704
659
614
415
434
474
732
50
637
908
232
880
805
944
48
163
852
440
342
916
958
372
886
48
173
314
557
62
667
160
495
611
16
898
989
983
669
8
142
284
469
460
453
367
143
548
435
578
316
830
701
498
894
486
155
522
664
585
3
868
989
940
198
477
705
893
157
920
761
65
963
627
847
74
126
778
604
163
394
467
227
296
202
650
835
933
185
148
270
162
798
950
204
841
180
990
239
181
812
912
627
68
558
160
126
701
828
138
349
505
179
561
561
466
557
375
854
719
164
32
793
834
446
30
159
764
623
545
367
549
445
457
891
995
583
868
316
746
609
214
743
924
536
17
509
431
596
31
592
651
261
309
196
676
151
34
877
369
398
265
144
343
737
475
375
232
642
285
825
848
168
435
468
138
891
712
430
236
901
493
606
624
523
376
484
441
502
843
483
863
595
760
689
576
615
929
122
843
468
756
24
37
777
636
343
127
127
145
277
763
20
134
70
825
636
518
874
263
698
293
137
588
203
503
986
82
780
297
760
976
165
938
569
739
678
499
524
745
576
517
681
802
526
603
459
592
491
107
553
906
265
667
873
284
353
666
221
189
688
101
744
572
127
752
725
818
274
8
656
666
566
514
264
45
772
231
55
419
382
907
183
395
505
776
736
666
827
588
100
698
231
705
273
711
558
647
511
243
509
483
831
1
95
13
162
388
249
574
906
180
22
124
847
547
515
251
957
450
491
940
338
327
497
520
774
999
384
750
895
547
666
375
346
525
844
151
765
994
455
628
190
97
179
216
380
76
514
637
313
985
357
650
383
636
429
905
658
13
526
746
228
500
692
649
774
676
756
498
515
70
810
80
490
172
418
848
413
187
27
408
96
624
693
133
487
618
557
415
55
924
939
788
557
291
639
742
956
217
154
666
565
213
98
637
677
25
674
302
91
721
284
588
569
445
551
509
331
201
722
556
36
725
667
973
121
667
509
756
107
43
73
336
661
174
551
962
732
301
930
52
702
707
885
955
513
351
100
689
726
888
308
139
879
882
285
137
239
664
569
284
994
948
805
416
219
315
487
622
93
871
543
918
615
717
727
337
578
577
271
20
103
96
130
875
111
198
938
120
610
770
669
281
310
992
95
801
56
28
16
107
970
630
628
959
818
931
392
786
502
287
559
924
352
203
326
908
518
283
663
761
677
493
577
138
940
507
403
206
237
529
691
28
141
784
912
252
245
288
541
165
233
506
400
361
509
792
41
189
703
487
76
404
458
955
683
20
691
623
755
726
939
460
375
761
477
92
305
862
377
155
535
938
746
3
119
921
189
883
757
349
288
434
490
220
396
201
350
578
277
152
705
636
463
847
847
827
174
261
542
439
263
156
572
898
659
455
889
446
945
249
723
32
933
570
273
274
142
22
954
657
806
294
520
567
23
641
829
801
919
294
474
441
509
393
71
577
14
593
165
128
357
922
366
494
878
304
579
923
875
787
581
834
410
912
351
704
741
644
719
767
599
315
46
446
873
36
301
624
530
682
95
312
55
873
862
855
137
33
836
625
779
280
245
700
846
571
611
431
958
752
560
587
954
421
262
372
721
117
25
762
97
183
245
945
89
122
785
630
360
525
650
8
744
161
156
21
933
532
684
344
808
67
751
873
812
976
241
820
317
327
399
392
510
245
810
66
571
361
567
506
440
275
521
309
286
229
179
111
402
268
677
21
240
210
776
554
757
762
513
427
227
372
281
676
742
589
14
386
563
104
865
919
991
325
667
867
214
463
233
479
429
821
471
586
167
746
672
304
358
422
906
648
52
292
395
749
116
331
726
373
985
756
249
663
193
650
15
578
188
560
103
159
912
888
455
386
356
427
153
518
288
41
206
800
23
945
854
457
330
550
883
297
16
527
418
649
231
568
922
742
513
755
752
340
665
465
587
209
174
394
613
863
247
997
976
373
411
465
158
93
317
307
486
616
704
634
554
87
677
549
995
937
230
438
734
324
438
105
895
262
667
498
169
818
708
840
465
679
343
469
222
41
80
773
284
413
788
814
709
221
301
907
386
524
905
713
82
412
205
924
217
613
174
982
500
139
338
850
445
925
997
521
24
867
74
562
155
792
869
811
424
163
397
698
646
91
702
260
197
651
58
833
941
239
305
635
447
121
831
364
242
46
905
17
863
963
347
687
901
155
417
476
374
905
347
991
343
815
995
35
793
545
479
829
353
671
457
785
612
581
853
971
867
935
861
677
712
520
943
41
54
767
468
304
268
772
775
921
798
579
69
189
926
237
645
418
365
867
143
638
736
891
765
192
588
550
142
944
530
139
240
267
815
84
329
85
369
798
672
751
692
277
692
887
759
647
679
755
185
959
239
453
964
714
459
705
252
837
137
200
828
691
165
210
380
222
442
779
558
386
521
427
736
604
2
810
868
777
54
296
838
538
166
857
433
749
157
16
615
12
501
96
265
832
637
902
278
357
455
476
804
914
445
367
928
401
586
20
476
624
415
558
103
810
913
964
161
434
945
835
515
907
318
637
402
561
187
167
280
235
607
394
271
611
231
59
42
814
202
22
838
54
786
106
721
303
569
297
527
887
616
824
335
149
148
409
185
20
593
68
640
468
90
656
517
786
740
507
671
974
851
103
649
580
578
20
523
437
771
486
697
181
575
12
476
401
578
157
52
730
176
18
818
210
845
968
438
617
997
498
546
617
31
987
952
338
926
223
509
144
542
518
440
186
775
232
73
656
105
6
953
126
684
764
472
498
688
746
468
642
787
532
933
992
526
991
28
240
191
234
115
535
361
911
164
367
491
723
88
436
463
953
360
111
965
828
280
453
818
623
573
85
93
690
636
36
985
903
249
37
729
4
730
123
691
463
839
690
396
569
899
845
831
849
739
894
629
574
826
998
741
535
658
492
217
207
682
748
55
647
955
635
149
993
554
206
575
19
141
627
815
320
286
410
590
139
595
683
775
956
732
442
960
835
854
638
924
882
884
573
236
137
552
151
651
145
275
488
239
118
163
531
56
597
871
49
919
562
608
197
4
802
985
895
208
765
217
222
788
147
152
833
424
750
622
705
859
72
32
942
737
778
438
717
170
668
292
164
380
881
398
247
868
791
462
844
910
534
8
923
166
218
401
337
371
947
716
493
222
734
467
555
848
299
704
627
477
975
774
217
835
797
852
540
21
588
120
508
151
267
27
36
417
325
652
460
887
974
473
487
294
203
580
817
297
125
153
388
885
852
779
430
818
736
957
385
879
316
18
151
781
740
607
287
207
774
167
676
500
892
67
500
78
657
222
566
755
683
763
688
887
392
317
527
941
113
565
435
773
712
255
950
922
641
732
158
752
831
705
26
967
605
25
123
32
217
78
353
288
108
770
603
795
241
844
507
306
33
699
381
423
221
496
867
161
180
210
765
206
767
638
328
160
188
5
800
416
822
371
491
935
547
881
352
710
789
74
947
647
11
82
626
69
573
928
729
275
841
134
288
364
172
896
697
213
897
723
112
522
242
376
420
974
448
256
77
213
42
609
889
788
16
249
236
857
460
300
374
845
198
382
584
775
573
995
391
274
59
930
699
861
877
687
896
331
918
633
181
678
113
854
403
565
519
997
776
660
566
100
431
206
398
159
170
465
961
56
140
448
550
60
164
180
28
20
824
46
851
912
819
583
647
675
520
336
869
145
929
887
895
734
787
993
810
901
992
414
271
436
547
738
74
788
595
441
887
654
596
635
276
146
448
805
713
977
496
349
704
681
520
589
382
654
612
821
121
667
542
470
719
712
736
344
172
895
163
606
540
394
987
163
200
498
336
759
341
898
174
14
419
367
160
554
403
37
911
745
438
856
627
831
991
94
399
565
137
225
927
729
674
844
592
144
869
728
324
316
229
553
423
186
74
721
906
994
53
393
408
210
257
593
593
762
613
884
289
180
622
641
304
413
27
406
50
11
389
393
687
701
204
324
644
754
86
284
979
332
283
9
529
234
333
270
81
324
322
890
516
230
84
719
696
752
923
851
184
851
708
91
935
371
977
258
539
817
449
32
562
472
313
944
714
346
765
502
450
952
611
867
696
940
444
694
882
620
251
150
334
45
217
651
454
135
366
699
178
495
423
625
616
616
645
864
169
869
596
980
907
628
163
962
996
875
97
182
659
947
280
723
152
983
951
594
9
918
22
369
419
730
896
908
717
48
286
550
645
788
546
964
517
38
51
255
993
35
196
723
14
44
446
326
383
690
717
330
569
530
48
865
525
826
562
269
448
609
887
264
662
935
345
915
963
782
970
851
740
406
449
659
509
528
323
927
899
989
284
568
820
610
670
590
26
266
934
565
495
406
274
951
202
523
740
156
434
867
687
175
736
622
654
470
708
149
988
496
234
788
530
16
912
779
316
507
86
561
49
36
566
608
822
788
52
873
294
9
672
929
225
602
217
420
199
235
131
691
324
508
435
880
566
86
127
915
486
715
396
924
278
80
313
876
602
936
954
161
261
385
409
307
283
115
913
469
109
800
779
12
268
393
586
412
411
216
357
993
405
902
947
806
546
934
535
348
178
709
943
59
385
823
927
406
575
825
800
673
709
567
885
874
47
664
82
276
478
271
408
656
66
871
170
52
764
443
69
969
405
759
957
476
955
113
831
844
226
493
824
797
720
665
525
422
584
336
325
465
704
496
841
437
983
78
408
361
962
891
890
537
168
555
832
672
629
970
785
322
466
586
992
999
715
477
596
137
21
931
298
157
823
983
366
523
212
799
896
836
293
82
13
879
628
313
773
330
867
208
665
56
814
782
440
770
769
710
235
675
18
868
456
643
291
359
169
224
732
243
755
661
715
605
340
215
836
786
852
756
826
680
217
715
902
646
868
396
134
527
161
590
496
188
416
538
736
627
850
807
568
956
918
678
948
459
994
103
218
580
961
0
276
774
327
389
238
20
591
643
833
207
954
189
795
618
423
277
96
410
569
566
230
222
857
572
712
695
395
202
254
717
247
692
388
75
647
114
15
809
32
717
202
474
894
963
830
23
891
222
946
629
517
879
636
394
915
687
435
71
811
932
483
751
940
920
439
298
957
72
976
96
489
245
93
282
515
898
918
75
604
709
818
569
406
622
904
544
544
0
198
351
87
763
253
78
82
280
22
744
256
740
414
653
354
264
108
253
775
484
14
784
653
957
765
995
781
467
268
458
151
636
428
468
282
128
983
669
194
806
295
129
979
890
607
709
110
93
870
882
649
361
822
713
672
836
181
574
620
280
368
825
20
213
880
104
201
361
944
862
167
672
927
863
317
474
594
906
777
56
742
241
93
961
966
447
409
711
41
931
948
357
600
724
85
823
214
975
28
271
38
197
306
899
618
0
736
176
45
80
116
782
448
648
366
233
377
681
603
253
299
833
552
568
692
903
258
43
5
825
704
509
833
347
714
916
650
913
446
252
301
16
920
421
318
556
186
20
485
267
847
204
282
771
369
909
766
899
189
921
550
596
283
655
839
824
419
958
784
20
238
743
732
10
833
648
401
948
119
126
462
923
296
412
877
686
976
757
968
906
756
838
105
138
518
574
439
274
402
487
355
540
919
99
120
759
219
1
415
605
195
138
899
292
323
722
631
789
290
617
729
461
812
660
285
972
130
691
499
341
472
578
127
570
898
906
87
203
51
598
500
812
637
226
775
996
151
268
989
698
601
810
161
99
931
473
138
676
638
993
134
158
278
835
89
998
426
819
71
428
468
762
267
7
1
102
273
13
156
641
166
74
212
810
802
437
317
676
884
624
511
728
515
717
272
378
126
762
462
984
193
452
984
32
78
280
202
256
830
459
205
701
861
73
623
271
642
547
810
886
106
0
713
781
54
428
969
911
8
246
798
596
350
813
510
407
927
23
309
456
892
530
870
241
686
140
141
509
878
869
97
559
64
679
769
483
992
32
222
759
593
239
900
986
838
550
833
848
151
759
635
422
66
793
6
853
868
205
381
747
777
402
575
979
502
560
935
508
86
248
373
559
639
742
269
4
577
129
501
654
767
898
926
473
119
733
283
42
946
663
239
424
402
55
607
709
447
503
436
422
282
288
64
101
413
599
295
374
675
593
642
698
227
518
75
884
710
866
605
737
680
868
914
568
362
537
145
497
937
629
518
465
698
343
890
787
815
945
132
855
942
871
449
736
275
446
127
935
902
469
50
873
882
683
471
140
595
94
220
724
767
741
532
665
145
178
400
628
902
32
791
553
185
119
96
157
500
981
154
750
614
901
724
196
34
492
715
194
445
218
947
348
80
891
773
998
506
818
202
601
471
738
662
965
603
679
801
428
700
815
268
796
377
406
98
268
475
846
562
498
770
46
315
780
752
924
118
175
155
935
420
997
833
96
363
881
512
511
212
461
844
423
823
153
713
563
130
856
844
64
327
476
787
305
993
417
602
328
789
829
573
43
861
512
408
451
658
804
345
227
411
256
920
85
223
576
235
493
893
415
818
13
591
79
981
168
445
99
591
84
82
145
100
625
384
271
304
825
759
76
171
616
112
586
95
598
83
943
620
173
549
885
368
772
140
821
934
335
830
577
307
544
226
206
42
99
850
894
599
881
723
223
644
243
515
551
993
574
963
255
213
868
950
853
490
444
271
593
939
746
638
338
749
60
234
420
231
244
416
800
696
290
882
185
673
609
50
756
488
986
195
885
472
159
464
262
983
465
983
631
58
833
351
702
521
780
575
406
109
671
251
766
770
831
125
856
503
542
313
675
343
776
574
567
159
577
455
694
521
818
665
720
809
266
86
463
822
862
570
90
256
936
163
612
502
412
176
653
721
329
43
0
97
919
162
758
438
520
507
197
191
155
553
152
491
633
99
959
883
311
35
288
534
972
157
945
526
139
87
367
746
833
526
822
990
38
726
207
707
60
104
707
871
710
443
810
923
369
444
611
654
280
134
977
580
700
954
464
646
98
567
781
886
348
844
975
153
462
422
816
867
360
152
714
873
330
168
149
619
573
404
870
735
274
661
668
391
321
618
798
85
164
569
265
814
10
40
163
287
360
468
9
21
362
113
186
754
990
866
6
475
93
116
469
16
975
190
820
921
511
432
91
313
351
989
668
518
803
486
528
496
679
374
187
16
303
419
730
974
333
752
237
561
87
437
999
515
641
204
160
418
364
190
719
929
40
712
519
937
877
261
329
667
460
736
671
835
476
64
35
167
366
267
775
217
730
304
452
933
225
843
446
473
32
107
627
738
528
614
116
681
166
124
629
957
890
735
876
394
548
253
596
632
335
237
319
824
496
773
638
522
818
236
707
990
323
406
841
662
903
215
448
848
205
938
41
471
652
386
920
570
492
949
860
805
422
912
708
841
140
609
921
295
622
448
261
807
622
343
445
730
651
530
737
388
563
850
382
111
257
533
260
329
472
415
151
529
486
415
951
691
775
291
801
611
608
661
955
422
872
510
841
135
750
260
472
782
756
16
939
467
799
589
312
141
947
4
997
14
226
617
204
183
643
561
724
357
314
396
778
921
730
186
950
325
706
526
107
820
809
553
471
971
995
11
556
478
200
149
299
483
67
408
74
983
463
691
418
61
844
896
452
459
937
430
527
706
434
45
628
694
475
408
897
107
730
587
874
584
111
466
285
939
216
172
9
581
726
974
32
316
831
954
473
469
404
323
410
29
746
718
197
0
839
723
744
598
849
57
740
345
620
423
248
272
524
856
790
743
324
107
877
76
101
550
617
882
694
565
436
446
518
490
249
926
155
255
643
313
171
410
898
334
405
949
484
105
965
809
247
26
332
773
253
349
913
106
794
991
879
205
820
185
661
55
457
765
946
928
340
564
141
919
332
35
0
538
384
672
781
496
581
385
641
190
650
224
78
729
975
581
355
115
259
986
70
175
854
395
799
445
75
82
520
459
12
694
254
426
423
462
802
517
340
302
70
582
813
757
35
153
393
354
647
571
224
437
456
613
826
182
159
557
92
958
758
771
104
94
797
768
539
561
522
990
74
47
737
604
751
381
937
466
690
472
614
296
530
962
703
930
743
909
737
792
450
778
287
724
617
319
580
294
224
490
742
167
892
661
30
280
32
731
242
180
463
192
690
940
219
207
438
34
372
232
586
223
852
977
137
452
622
596
943
951
180
147
259
201
411
497
648
913
450
415
405
30
948
260
519
416
442
893
132
806
537
31
574
694
148
254
703
736
31
491
230
365
995
356
928
238
651
66
167
880
665
230
649
317
931
875
997
187
94
72
137
473
247
427
31
892
310
580
454
929
82
651
466
956
359
460
130
481
373
615
963
144
651
235
335
228
851
515
883
465
265
43
570
612
51
795
566
196
714
327
767
996
751
393
24
95
406
370
410
63
34
47
689
519
150
309
57
917
657
250
333
113
375
202
729
312
678
631
268
34
474
321
467
985
101
585
150
293
842
878
527
47
228
231
806
763
376
649
478
912
455
376
684
579
329
737
31
10
855
309
270
691
694
977
718
319
146
937
136
276
372
375
76
449
783
239
79
269
370
67
156
295
655
980
200
970
681
761
991
931
825
292
328
495
170
378
901
125
431
30
937
282
397
958
559
149
236
397
429
248
122
522
619
148
275
422
366
529
256
324
867
987
39
282
24
716
908
90
868
670
391
722
619
165
148
899
446
367
795
220
934
975
957
494
978
842
154
85
694
658
158
254
410
249
351
597
46
247
172
80
428
817
644
998
583
493
52
883
992
496
645
721
562
542
739
727
8
108
193
801
256
321
682
236
752
334
950
783
648
534
292
910
71
210
393
181
66
755
901
481
980
433
230
171
599
752
154
759
560
979
357
14
105
40
770
978
320
961
450
958
101
691
345
261
407
593
539
219
930
699
95
293
839
273
718
654
325
465
883
259
362
376
291
216
858
596
516
291
798
463
96
718
927
939
863
317
241
249
926
184
957
557
434
413
515
358
641
881
99
599
765
774
397
234
398
390
205
780
251
552
811
951
580
108
376
77
98
634
783
456
226
810
915
379
93
984
299
188
487
996
679
803
315
570
467
318
428
316
80
613
992
929
409
156
492
767
360
354
435
18
76
541
864
886
818
838
147
506
963
953
740
644
361
509
973
508
170
198
724
805
154
798
645
917
238
30
299
22
540
289
833
664
592
153
389
342
779
855
217
616
839
290
476
256
320
569
354
461
51
578
613
20
594
177
561
69
388
938
993
520
758
717
78
741
967
723
658
644
635
92
1
44
408
339
244
866
762
37
200
833
802
607
489
950
722
118
198
667
361
781
871
627
269
800
18
691
798
958
414
577
289
402
826
481
309
82
162
410
656
667
364
138
264
889
224
193
245
563
745
301
746
541
520
268
15
473
156
113
135
520
132
784
164
345
781
724
408
29
78
160
774
878
208
424
623
386
514
369
831
23
8
882
563
192
936
996
847
893
442
678
717
192
529
362
938
891
267
928
882
928
744
760
699
74
669
832
903
302
538
685
97
506
581
663
410
544
968
323
449
193
108
962
920
453
398
206
747
128
769
223
479
710
730
990
423
847
271
298
341
558
186
691
256
70
961
467
432
406
592
198
244
114
457
415
514
325
342
119
916
193
678
861
852
661
771
450
425
845
5
385
675
112
153
635
237
157
758
330
584
731
992
680
169
731
917
378
715
730
659
899
643
822
200
937
111
219
416
677
497
862
892
561
228
106
471
815
53
926
915
402
542
179
703
609
755
460
799
138
516
197
336
221
729
885
81
63
695
507
267
577
606
403
171
976
589
45
663
696
622
881
819
734
550
949
850
524
178
558
76
101
785
82
694
411
36
778
134
478
52
432
283
204
880
747
476
72
697
972
875
166
352
211
196
796
878
319
733
592
125
643
386
964
367
390
697
861
586
951
707
905
450
743
968
717
219
405
191
221
616
692
952
999
937
317
571
915
26
552
615
462
967
774
236
505
449
29
615
516
83
191
395
2
646
413
753
876
652
412
845
276
885
497
789
317
701
78
829
490
303
783
977
868
707
454
230
632
493
899
504
755
524
270
213
539
253
371
807
864
890
85
341
123
422
710
956
938
122
191
988
411
240
31
341
536
441
33
988
692
807
415
678
480
772
340
140
559
28
289
465
871
36
891
284
26
329
163
76
992
170
31
599
705
71
25
690
757
11
196
892
410
623
295
707
152
511
798
423
417
673
258
377
845
510
948
253
830
526
979
365
146
140
40
244
48
811
757
784
416
388
695
388
363
616
447
552
33
2
112
161
76
641
184
490
840
156
267
641
513
966
705
271
467
232
270
127
369
845
884
536
998
187
25
342
703
247
618
367
28
465
169
702
989
389
549
310
700
909
388
975
268
352
346
384
336
592
959
471
273
359
84
952
383
216
247
654
178
200
65
169
424
62
36
394
400
255
971
621
310
351
573
387
59
584
720
715
984
434
9
922
560
714
473
565
388
415
644
153
835
450
126
847
716
941
732
693
582
711
946
632
560
230
842
467
217
199
607
170
652
539
345
586
238
368
378
832
329
544
334
900
144
212
661
512
766
586
649
936
870
925
607
125
867
532
239
177
770
563
672
46
595
625
74
112
449
543
977
440
393
655
776
800
904
772
367
579
463
373
371
514
865
268
22
424
446
933
452
955
182
475
547
167
4
837
52
468
573
246
847
146
813
682
717
379
999
58
869
627
851
958
244
153
399
843
186
278
180
105
523
529
985
882
232
991
107
500
51
614
363
404
714
473
287
497
576
970
487
955
210
965
505
540
690
449
488
502
764
720
291
569
861
296
420
594
370
679
121
661
969
753
10
188
354
104
51
476
907
371
577
791
840
461
993
6
274
568
774
781
143
489
634
467
278
816
99
216
39
957
478
6
749
982
251
292
144
558
985
740
20
676
884
401
28
131
263
316
600
227
10
269
221
789
589
764
418
521
536
902
298
45
767
174
801
421
488
751
46
85
345
377
992
879
586
293
58
253
159
98
935
477
886
719
30
129
716
957
959
182
659
484
468
752
60
981
838
581
449
433
965
989
669
154
219
660
113
302
1
642
332
397
840
119
528
389
284
922
347
785
889
896
279
981
407
892
624
634
40
426
10
904
740
495
647
501
254
487
213
832
585
854
66
409
493
811
561
98
492
207
397
43
223
755
996
837
495
884
933
611
686
351
678
331
165
499
113
187
51
700
737
539
193
555
790
308
252
847
631
86
419
215
212
558
169
35
255
511
312
874
179
277
250
430
259
612
899
330
791
825
833
321
179
529
456
889
744
740
990
762
469
967
95
575
71
646
573
519
903
15
923
927
403
145
106
723
851
271
194
952
976
355
64
173
531
463
387
713
19
259
899
739
524
2
92
54
35
914
464
501
702
938
305
143
626
943
900
76
262
857
17
569
274
587
218
46
576
250
210
834
40
625
418
849
757
438
452
704
799
759
940
793
657
295
805
859
702
866
23
244
810
696
952
664
208
1
516
629
407
722
772
403
448
887
41
622
351
308
72
116
849
822
742
432
725
668
622
687
693
310
610
73
825
617
1
83
8
502
229
96
413
270
736
760
541
422
328
762
424
837
419
595
525
886
664
423
420
343
800
104
399
666
449
165
624
490
710
885
131
646
519
803
