56
234
988
137
719
732
528
454
189
76
740
16
857
865
982
941
919
99
829
389
782
696
61
841
766
824
47
320
81
135
438
266
239
39
482
72
173
575
245
761
560
443
562
596
727
695
690
822
496
976
732
922
891
317
307
297
117
882
374
248
544
712
412
525
556
26
410
346
708
998
194
442
761
150
447
398
25
812
778
807
176
415
40
70
648
859
216
121
532
125
810
930
586
56
296
646
745
402
564
709
209
974
382
728
10
676
155
326
310
974
425
514
195
64
830
290
209
674
601
236
437
296
916
197
451
523
729
339
827
772
268
555
220
456
836
238
996
810
572
431
365
557
649
856
475
796
667
604
274
262
904
8
90
964
3
87
980
400
855
138
336
415
621
878
320
515
95
80
320
241
937
850
841
12
318
412
614
825
493
403
35
318
698
754
305
847
561
248
122
154
152
685
278
37
789
745
639
889
26
310
848
668
154
268
996
110
601
353
813
52
734
916
37
818
830
555
410
876
712
823
571
349
526
558
127
27
964
65
682
551
42
790
103
676
668
641
458
694
224
686
995
356
872
350
501
218
516
897
116
718
215
238
49
129
247
98
292
281
576
399
912
838
371
183
896
440
35
763
570
257
651
713
869
239
695
710
854
914
696
560
995
896
294
474
819
951
658
649
134
827
795
864
611
686
504
901
971
453
588
870
445
616
345
726
770
397
53
557
517
199
319
637
361
220
888
253
151
627
447
387
799
979
163
277
721
898
454
86
328
437
480
96
628
297
6
670
51
687
223
526
902
324
491
868
52
323
615
418
355
959
85
508
126
54
717
148
947
85
602
946
351
478
730
363
864
145
834
475
591
573
478
940
522
685
651
144
155
124
920
902
450
232
830
943
993
527
290
315
399
474
527
38
455
202
485
413
340
715
602
610
141
87
640
651
221
605
94
455
241
233
848
926
123
911
321
936
516
539
168
597
972
578
44
51
63
63
757
568
682
531
527
454
970
751
200
83
991
327
102
868
74
611
952
487
229
530
29
631
294
812
816
889
109
993
566
280
826
476
106
351
559
376
607
743
249
454
187
406
587
710
34
351
639
494
947
852
434
574
879
9
367
587
319
78
332
900
829
220
683
19
932
35
364
94
169
807
174
165
316
576
171
108
694
268
928
871
963
28
769
464
670
587
943
915
870
329
921
926
648
762
158
715
699
450
19
122
801
392
985
140
796
15
479
720
663
838
374
608
376
858
710
309
661
95
313
326
972
64
12
584
15
419
69
818
313
362
321
709
320
512
118
795
181
475
401
600
697
162
913
813
530
11
816
571
950
681
897
293
202
871
20
636
858
51
493
419
863
298
170
110
540
185
61
26
501
41
78
327
40
305
183
46
799
420
17
938
994
45
848
790
394
998
263
126
114
725
271
216
395
27
12
902
116
503
481
361
558
487
764
265
548
398
93
307
408
867
561
369
863
644
411
32
606
176
832
323
881
486
232
863
68
735
588
915
950
994
796
911
406
483
149
416
722
938
839
78
193
681
158
23
582
606
569
113
724
242
819
556
189
76
46
55
400
23
883
417
241
2
582
96
345
252
388
860
569
247
871
642
800
678
116
285
501
744
293
56
895
493
549
979
743
756
465
920
853
886
583
186
38
396
556
234
846
897
107
658
361
7
590
754
975
800
373
331
775
561
793
396
554
324
988
439
34
556
933
471
285
167
475
788
402
353
624
706
184
950
146
9
971
681
354
629
657
233
894
938
114
253
17
370
859
438
779
672
303
49
778
1
476
367
475
463
579
497
468
636
262
939
499
940
451
91
397
129
11
499
50
391
993
581
261
270
372
204
972
830
812
13
389
461
158
33
537
377
160
339
957
965
311
569
261
19
982
733
864
556
873
575
266
785
297
859
247
940
696
124
209
958
22
309
80
219
682
150
7
583
623
769
325
975
409
973
518
868
73
895
551
531
587
853
437
624
644
628
264
610
627
820
266
195
506
578
455
410
438
897
609
191
676
471
330
259
282
315
169
732
11
168
394
838
853
983
945
516
856
165
477
678
353
887
805
437
930
77
565
303
311
647
176
941
183
246
431
820
976
908
409
460
507
841
596
546
112
238
17
239
896
823
900
957
873
980
365
549
674
919
428
437
296
859
519
87
283
288
345
815
755
207
297
924
21
827
827
815
939
796
812
109
678
979
887
491
672
308
186
203
360
857
713
862
305
907
640
230
201
250
364
865
586
81
509
655
649
329
31
341
276
718
146
92
519
647
422
532
238
253
59
813
428
311
