488
284
716
597
756
105
224
575
684
978
443
87
247
762
575
521
119
745
502
979
589
500
507
580
794
597
82
750
911
341
506
474
540
135
52
828
613
777
908
338
10
283
915
406
954
311
195
686
978
130
256
952
271
643
854
17
969
498
204
376
992
3
49
11
897
448
80
103
762
37
50
808
916
735
434
675
824
530
413
13
623
204
952
65
547
661
596
820
419
154
870
996
846
702
602
633
40
583
897
686
202
0
130
76
643
193
694
233
366
747
406
152
700
290
318
535
555
46
578
108
577
111
910
8
364
709
393
54
195
338
452
721
532
910
429
971
881
178
405
428
802
949
195
757
898
365
427
919
492
720
79
383
563
762
432
145
154
649
169
340
844
656
205
582
179
239
817
724
732
789
799
699
649
922
189
131
539
343
563
900
669
576
172
424
597
796
371
118
250
83
680
107
403
463
359
980
940
346
88
10
779
134
775
404
230
202
349
459
250
316
639
833
803
401
917
534
701
108
304
256
112
330
394
830
842
677
601
443
479
505
66
512
987
226
529
584
181
21
440
942
356
453
795
129
419
758
235
287
543
537
92
533
790
181
568
118
545
89
650
317
828
154
773
27
74
96
828
44
452
18
401
955
289
362
369
928
803
202
626
747
238
344
927
44
703
581
897
45
805
917
58
312
702
493
174
930
609
627
970
24
179
560
264
432
685
751
306
377
46
475
29
122
62
251
546
735
293
298
396
981
563
295
465
533
635
34
547
658
24
57
217
561
870
647
236
589
416
696
5
72
164
540
158
413
767
559
941
82
251
924
825
793
436
263
675
245
505
336
95
532
717
673
384
552
990
40
38
494
982
290
628
615
310
290
892
709
142
207
634
426
669
24
611
384
333
280
232
278
411
851
341
431
756
616
328
512
348
846
509
426
472
338
342
328
304
332
135
157
678
929
313
948
725
885
216
201
561
525
405
863
318
153
595
136
742
888
919
1
832
168
471
978
943
336
188
670
882
146
640
131
659
668
57
443
205
667
700
943
294
184
680
789
537
725
169
274
363
255
976
80
647
851
851
180
617
583
290
76
985
808
934
348
235
133
393
109
195
783
920
88
147
355
231
120
640
195
165
903
955
662
573
724
451
404
462
210
128
564
671
954
593
704
101
442
867
881
422
637
594
655
121
10
159
725
843
39
735
632
63
798
409
936
802
713
741
878
890
486
4
67
50
443
318
264
406
351
138
880
638
275
101
487
81
454
656
493
63
934
404
951
241
43
630
866
741
608
9
53
943
939
479
825
919
314
562
681
653
182
137
120
730
945
958
514
49
128
940
920
637
745
116
803
325
874
600
586
598
824
852
235
906
323
910
387
806
468
68
825
977
153
296
376
939
890
953
592
273
177
741
636
112
475
929
125
142
825
411
631
237
358
223
399
933
865
330
422
71
753
942
956
41
665
530
163
885
434
372
148
499
508
549
636
527
283
102
886
176
716
708
493
632
220
141
581
816
52
511
754
119
586
561
655
125
504
152
154
533
777
359
614
202
185
423
961
871
661
29
136
455
746
133
869
126
477
760
263
288
440
349
180
474
514
668
356
843
471
474
374
161
724
385
635
456
320
374
804
862
529
473
893
611
642
398
728
403
969
701
13
971
628
562
484
328
109
905
129
308
865
769
606
621
357
592
313
951
202
225
374
65
543
315
495
851
863
739
264
599
502
577
0
461
835
409
385
355
516
87
827
355
97
290
740
346
47
495
189
589
301
490
409
750
788
363
365
345
897
831
734
116
77
440
112
302
404
991
407
752
958
448
526
339
293
108
895
934
99
327
751
119
25
846
723
815
418
269
756
759
955
442
78
448
21
331
701
643
141
26
42
58
678
255
486
733
186
414
728
151
376
713
167
630
724
418
174
16
321
902
747
474
714
406
432
714
98
232
369
617
748
832
593
3
374
826
906
755
388
172
140
986
841
177
915
472
861
283
109
740
486
866
520
939
980
19
351
8
576
968
577
436
136
520
387
699
37
247
536
222
348
459
110
123
421
737
136
27
410
162
493
231
380
364
580
53
147
503
787
336
822
31
549
526
541
823
148
942
380
761
778
426
779
969
593
445
845
763
768
397
651
874
315
360
514
918
836
844
74
787
127
925
253
543
818
751
825
99
862
251
238
980
939
61
172
968
360
525
644
795
344
59
715
160
942
424
802
331
877
550
962
409
179
540
41
317
572
405
200
202
406
951
202
190
552
920
540
280
103
68
800
679
108
6
452
565
528
53
919
507
829
769
474
940
610
861
530
94
256
521
797
408
344
876
765
216
12
555
268
992
522
435
386
886
672
752
439
357
465
336
768
401
644
979
391
777
694
436
567
879
607
828
74
435
499
963
662
60
4
971
620
834
689
789
109
722
636
910
716
238
171
286
699
992
678
691
780
63
709
16
858
984
166
775
867
314
869
999
263
667
85
675
995
308
691
113
256
658
381
422
617
795
22
695
20
950
222
912
286
664
257
172
793
871
854
170
303
339
438
867
630
75
747
768
248
940
785
473
9
125
92
452
436
100
342
921
344
296
433
210
909
747
536
138
756
253
249
339
718
650
161
832
935
724
786
981
20
899
307
271
709
292
779
754
5
74
557
314
439
204
638
225
111
647
108
607
70
391
823
422
369
234
636
944
171
114
78
663
261
224
856
217
977
389
342
913
651
479
687
668
989
446
515
977
248
411
367
870
432
198
814
995
213
556
867
380
285
150
962
279
60
462
240
413
264
731
648
995
579
20
959
904
328
682
650
503
165
143
938
709
886
965
691
174
52
96
500
688
766
245
855
265
187
717
765
518
63
272
882
612
351
510
319
664
377
189
909
915
882
345
412
480
147
467
647
40
936
807
281
862
797
880
461
293
170
783
994
148
95
523
824
423
404
590
632
764
334
900
657
905
710
72
262
515
557
462
646
368
910
370
564
999
571
711
805
979
520
542
85
239
749
127
674
447
805
623
733
37
186
294
80
551
934
516
931
433
560
571
453
57
535
333
800
6
552
408
704
194
148
307
863
281
441
521
682
762
52
607
470
267
961
747
270
730
503
838
814
261
484
586
27
7
526
162
618
847
845
328
432
960
716
273
51
213
723
320
534
687
139
573
960
351
636
633
769
285
858
772
93
513
95
863
491
595
73
691
779
423
164
46
551
196
338
690
650
126
371
576
349
71
325
821
554
523
98
284
941
984
646
130
847
368
587
124
386
230
822
422
172
202
229
821
331
381
249
969
465
400
305
263
980
365
486
127
89
788
449
175
800
932
665
988
104
945
188
943
944
719
62
538
816
648
486
704
900
738
123
347
101
852
378
270
269
369
257
125
599
302
800
681
507
921
163
114
275
136
211
29
518
709
131
925
184
49
345
22
638
976
793
80
389
576
530
969
758
749
879
434
126
949
856
228
571
954
310
217
483
839
474
277
62
20
517
499
497
305
705
425
47
377
50
163
488
821
18
247
46
267
351
944
704
535
129
193
983
37
914
501
530
536
233
35
300
260
179
533
97
768
892
671
751
614
197
383
247
873
744
660
406
350
188
500
252
740
872
710
628
957
459
525
116
780
254
709
274
118
762
515
931
638
57
348
976
645
725
985
582
513
976
683
641
777
409
97
308
753
179
108
706
455
150
501
775
13
448
629
390
24
9
246
739
666
34
991
520
425
525
639
705
359
252
455
702
226
837
132
992
267
48
491
185
314
163
710
375
677
978
82
131
310
992
500
347
652
312
434
40
949
317
409
593
500
310
526
160
344
637
334
921
931
838
721
690
511
251
233
457
517
737
188
693
588
476
219
888
700
815
186
223
776
743
468
416
76
28
292
821
791
58
477
137
367
197
368
409
616
142
733
498
651
154
113
650
444
620
51
230
766
315
75
408
355
64
195
542
528
409
198
740
533
696
507
872
373
575
270
722
197
301
620
920
854
193
749
584
877
590
995
971
996
666
868
185
915
388
641
159
350
860
293
573
74
224
138
515
953
919
867
181
956
618
544
46
272
205
296
579
344
260
475
114
351
243
733
496
91
162
717
475
539
940
276
454
42
847
130
19
593
603
684
142
987
885
559
451
412
721
440
485
100
974
853
125
735
660
608
909
278
330
838
840
830
960
910
178
805
947
560
690
171
651
817
617
51
638
992
129
599
772
351
224
871
98
588
810
76
841
482
31
588
638
933
155
262
142
823
908
420
236
592
362
977
720
841
239
77
899
130
526
122
150
782
782
932
144
91
610
323
352
432
931
783
35
23
549
910
637
467
727
217
510
145
376
976
263
876
162
651
122
941
549
228
524
782
765
125
792
636
596
707
207
745
797
717
941
129
354
957
251
925
730
154
898
611
151
28
628
821
29
549
816
228
454
147
633
945
771
713
633
250
715
241
765
224
778
275
1
780
819
292
996
237
11
967
864
413
441
243
764
449
754
821
978
529
465
494
475
991
944
144
727
358
469
568
98
767
32
369
200
542
576
705
534
976
915
539
456
4
81
142
565
899
704
28
571
613
534
220
159
87
340
447
732
77
884
917
446
383
361
189
66
256
356
621
498
645
685
869
597
416
338
419
594
505
818
687
297
225
108
257
17
360
684
775
984
648
87
194
600
780
384
750
242
972
888
976
339
364
509
471
894
479
468
296
683
922
544
654
580
740
158
581
927
613
5
965
955
461
813
858
281
458
725
31
212
737
179
560
324
658
53
252
630
846
818
950
444
180
46
673
288
398
910
566
704
137
649
148
477
590
819
881
66
451
846
766
553
788
831
963
422
424
527
454
474
358
873
315
835
727
961
824
35
0
349
465
148
174
471
732
105
961
602
398
390
763
324
38
77
84
11
683
127
417
490
716
21
293
744
415
899
6
536
684
669
406
659
295
162
684
351
385
530
54
274
940
613
998
74
798
676
471
758
974
191
808
478
924
699
46
978
998
48
499
557
430
266
34
3
959
54
385
664
839
809
190
212
805
870
54
198
546
975
118
428
26
622
391
368
659
146
961
145
78
522
323
742
452
470
309
879
875
344
998
282
368
657
258
810
178
178
852
891
341
606
39
503
631
708
258
984
920
384
163
131
862
383
237
74
28
117
418
886
778
335
54
415
284
36
969
145
106
364
248
519
726
915
343
800
205
326
780
689
517
25
728
784
366
755
970
490
281
334
111
727
671
258
490
380
83
177
917
41
971
519
381
951
141
742
614
405
60
890
181
320
827
199
363
43
95
590
603
239
244
710
160
740
864
116
143
13
297
523
953
437
838
20
420
543
352
703
891
489
960
491
608
879
530
972
791
366
978
90
103
921
126
732
876
114
297
88
874
988
315
798
919
781
31
413
840
666
622
561
993
65
568
239
918
809
968
4
7
757
110
954
436
761
116
455
467
273
144
807
101
570
176
366
301
247
65
423
1
71
486
335
149
301
224
651
729
615
311
635
861
633
615
214
691
636
113
344
196
320
777
997
603
359
230
610
646
206
593
310
142
438
25
640
106
113
73
712
523
842
224
835
403
635
608
798
978
775
239
440
272
408
525
644
386
698
832
491
955
879
888
812
790
130
258
556
341
607
274
254
183
890
299
914
338
40
478
392
840
431
510
515
237
274
969
13
726
148
813
728
664
665
572
520
68
59
762
861
636
765
7
245
655
811
734
88
86
553
415
579
485
880
925
144
374
850
435
783
578
411
463
597
326
146
386
158
135
902
75
680
203
232
620
430
409
408
708
117
118
547
644
347
127
169
729
922
692
619
335
212
84
517
140
700
78
271
358
113
591
662
495
53
501
747
626
86
256
770
721
939
584
434
536
750
129
151
878
279
113
868
824
209
565
600
648
882
362
50
722
476
724
828
544
706
169
227
615
510
75
568
614
966
501
50
237
579
753
734
44
327
836
88
182
239
648
211
419
537
764
275
980
701
143
668
186
506
666
958
794
211
308
742
207
779
671
738
722
467
571
961
518
684
862
189
364
45
36
284
73
620
749
706
422
379
825
989
397
678
543
553
616
39
93
203
303
855
837
869
559
494
239
823
9
422
732
787
948
828
435
781
217
70
972
66
964
369
852
888
966
807
468
2
662
207
519
895
408
572
971
720
192
560
319
827
399
639
189
629
101
863
778
640
982
911
718
945
838
290
758
550
359
568
588
517
712
348
177
967
492
864
503
866
338
733
802
674
808
168
267
465
161
835
947
190
527
400
348
913
663
869
335
974
707
378
491
939
49
965
532
56
589
92
237
542
607
550
904
404
430
626
764
526
100
895
939
237
454
69
34
265
56
120
121
221
341
148
493
935
963
918
148
990
367
216
65
807
191
579
455
343
12
42
977
767
723
599
104
476
351
601
266
48
981
83
783
401
668
920
854
728
114
122
869
571
343
117
595
94
736
317
802
985
894
371
249
644
207
208
473
699
348
719
955
649
254
769
772
87
871
711
977
38
846
863
138
546
930
56
815
910
275
692
275
308
173
78
46
238
679
331
966
998
622
916
818
267
24
473
730
394
481
997
736
841
235
255
593
129
340
710
815
818
497
561
193
453
747
394
518
596
286
211
942
752
454
301
2
503
644
776
709
495
160
624
744
404
271
144
527
614
833
150
758
9
817
615
89
860
391
220
380
553
387
226
483
173
996
230
959
150
991
439
696
870
748
241
997
613
334
697
637
543
424
759
113
491
680
664
449
345
679
927
897
868
735
318
861
148
917
468
362
246
4
869
692
303
398
891
255
208
229
533
921
376
747
554
828
911
444
297
686
341
787
258
73
632
893
709
416
899
414
407
897
132
46
905
663
444
408
882
393
423
396
903
617
527
766
451
776
827
474
0
743
414
989
23
411
628
712
383
310
80
741
928
516
402
945
722
214
817
685
589
799
935
63
178
503
424
417
259
235
818
38
720
401
325
443
434
805
576
138
659
665
911
580
284
352
712
822
767
474
665
475
503
927
707
774
862
868
948
722
546
531
887
236
248
679
743
875
193
991
191
166
965
529
632
781
977
819
48
55
704
480
558
153
155
813
388
985
578
42
27
62
956
556
266
960
618
360
453
280
477
64
491
18
353
430
114
442
916
273
448
412
103
760
512
393
300
732
267
854
768
475
731
903
213
738
917
150
799
173
282
126
197
687
907
913
99
619
176
351
570
59
95
274
434
694
65
73
864
529
480
490
517
975
724
5
604
323
670
382
941
254
360
660
62
979
353
510
922
652
352
738
41
924
255
519
114
815
170
4
733
147
157
752
911
27
217
868
554
942
862
359
187
609
935
195
114
266
606
810
725
129
465
793
445
65
924
124
47
867
17
104
280
369
212
944
441
815
638
561
844
3
255
61
906
442
637
823
63
950
875
613
861
235
807
137
442
641
446
29
654
512
949
783
357
751
602
859
607
159
38
675
23
587
985
975
558
703
54
97
617
824
191
605
41
394
12
618
327
686
562
116
669
666
265
804
171
862
345
897
792
560
981
948
652
936
15
64
647
221
318
287
747
238
615
460
611
352
354
949
495
909
907
593
405
857
65
928
497
75
871
60
73
652
286
552
848
157
956
973
599
312
808
175
632
958
678
144
651
450
584
116
337
81
741
402
438
619
158
105
922
627
535
962
98
628
972
86
926
589
947
957
90
335
842
360
710
985
279
23
280
282
323
715
540
777
574
783
847
174
59
39
750
596
478
326
902
409
820
554
127
604
536
128
301
557
106
571
782
94
860
45
737
189
836
308
416
68
113
218
684
16
586
866
703
950
480
10
508
955
892
122
861
98
350
226
702
431
523
782
885
178
499
220
571
691
155
388
274
447
789
913
826
159
557
823
254
24
550
738
500
716
116
757
738
936
619
538
407
280
679
623
99
270
359
858
5
936
98
693
575
813
759
733
699
853
637
136
980
736
68
221
89
181
320
677
715
565
170
746
643
588
131
941
495
905
789
673
51
133
54
513
933
860
190
904
575
221
0
174
961
126
73
809
99
45
664
390
588
302
589
160
311
972
167
522
274
748
151
708
415
673
712
144
517
233
365
223
240
710
711
415
292
336
422
180
932
864
520
845
702
427
354
261
769
564
409
338
430
782
687
17
241
747
275
31
406
697
692
168
123
563
591
442
585
383
464
908
366
28
736
520
709
679
348
857
581
23
89
870
618
485
244
423
137
963
117
874
236
739
45
939
817
254
997
12
402
100
361
596
10
561
713
81
523
225
847
21
250
788
570
246
586
646
644
334
746
87
625
46
644
472
667
177
111
787
879
705
706
888
992
558
544
690
354
424
827
952
809
559
572
434
287
356
845
979
152
12
375
382
597
273
852
965
173
641
83
292
723
994
183
606
699
57
648
75
678
397
763
338
782
629
353
67
452
840
45
230
42
578
898
608
113
997
734
931
166
755
726
650
535
358
886
81
915
222
241
605
904
643
719
462
742
108
91
108
625
901
775
596
812
317
686
968
124
541
829
589
879
687
666
341
406
852
773
697
410
834
834
571
20
892
655
510
439
36
197
95
502
596
102
618
694
230
688
622
891
414
182
53
371
657
484
836
441
189
727
968
235
872
827
806
355
295
473
179
398
857
857
66
443
860
153
441
95
268
763
994
47
516
968
506
410
675
120
41
699
413
947
742
745
431
436
849
48
730
120
684
592
419
714
142
274
563
641
261
991
282
994
846
753
299
496
550
993
764
480
137
543
315
393
23
263
959
212
126
464
470
958
2
148
328
128
350
753
214
271
108
111
389
122
257
643
213
353
613
401
44
390
26
318
717
162
896
51
733
469
969
863
172
37
77
682
595
680
956
105
664
157
323
920
87
634
516
92
483
378
794
197
791
955
800
426
999
884
118
924
100
837
928
364
462
152
378
290
560
59
394
412
988
295
507
487
406
549
209
120
624
462
267
463
173
207
830
273
420
781
766
654
655
19
308
669
392
423
455
122
970
122
529
201
760
414
923
207
501
711
167
771
836
939
924
305
700
463
11
341
912
909
215
43
375
241
839
101
831
893
641
32
237
435
408
784
488
511
81
197
397
948
405
322
38
388
673
331
734
139
148
767
251
878
364
606
404
367
108
814
667
897
846
439
993
919
162
637
420
342
501
684
794
21
392
859
603
160
873
937
933
534
362
758
522
230
477
583
714
486
98
673
329
790
979
764
132
112
416
0
446
82
854
541
918
911
154
488
276
834
378
283
958
381
531
380
825
513
722
827
963
494
803
817
213
613
654
27
523
985
293
285
914
744
537
247
780
703
318
593
317
406
977
326
959
979
335
857
161
586
465
560
89
882
649
882
563
526
817
389
903
679
138
341
889
344
562
122
676
383
65
961
313
109
770
725
756
111
849
7
637
629
92
387
233
58
11
45
964
183
904
195
342
99
477
931
980
505
317
258
594
765
557
445
23
988
516
296
226
363
720
526
756
854
659
115
211
762
575
178
242
968
601
213
651
713
528
85
17
213
131
329
634
819
846
320
58
723
132
276
144
945
854
452
485
764
765
973
412
60
104
766
323
428
629
895
129
864
236
926
312
353
795
618
488
126
198
488
948
442
523
96
714
867
146
754
619
839
557
715
135
585
980
851
647
605
72
410
198
639
998
225
189
820
689
421
87
371
781
490
278
370
666
692
78
957
54
287
29
577
787
327
132
160
800
40
447
655
484
103
316
835
617
311
245
317
662
440
469
721
455
47
249
697
63
546
485
587
205
263
566
100
365
543
825
9
318
992
518
205
455
681
479
837
805
406
998
957
246
782
869
439
31
360
814
698
165
507
598
525
253
836
138
665
712
518
748
569
811
535
896
624
144
894
896
102
837
450
406
702
325
450
767
522
636
857
966
923
936
994
849
688
14
744
245
921
393
983
384
163
272
865
428
823
395
472
978
79
218
124
219
511
226
431
753
374
849
186
889
10
948
802
33
492
14
679
672
422
760
909
810
934
12
853
261
809
956
443
156
473
205
568
391
347
705
705
70
305
329
585
353
586
974
738
642
522
265
799
985
121
170
197
968
703
591
835
13
265
906
544
975
981
306
962
935
455
608
559
963
798
58
734
578
574
359
135
455
602
919
889
182
917
351
804
902
758
512
175
45
916
731
915
850
189
217
494
954
78
64
213
945
874
542
215
569
656
941
957
201
404
371
275
250
528
148
445
211
179
219
633
225
318
709
590
204
215
355
88
894
726
18
643
420
127
263
401
443
743
439
342
207
479
652
674
209
657
431
877
56
258
94
231
358
504
362
236
628
923
359
864
213
391
952
916
659
428
322
447
484
72
493
846
626
64
318
212
839
425
267
834
772
548
667
384
538
6
204
116
62
88
383
977
933
16
769
861
668
96
389
448
641
978
928
688
66
267
295
454
202
338
168
874
546
382
119
826
874
641
891
711
51
321
739
284
627
606
373
839
182
770
601
348
777
73
626
265
491
628
987
281
992
488
847
840
824
647
185
468
462
338
904
402
300
41
995
284
474
686
313
795
968
130
226
155
21
173
31
828
806
915
632
314
653
739
211
240
67
163
427
881
102
564
167
323
454
106
272
313
524
621
445
678
990
861
957
816
336
241
504
578
226
159
654
272
608
422
180
382
272
16
21
8
291
545
281
300
483
962
385
579
631
483
16
20
33
320
943
151
6
450
31
758
49
312
1
125
251
200
581
494
41
326
223
910
608
105
637
860
356
3
744
186
297
273
478
813
40
14
579
434
121
510
893
248
165
396
855
971
718
42
229
462
35
539
767
805
312
100
729
980
103
489
724
878
515
289
984
164
729
21
39
458
317
614
83
19
800
279
785
722
646
260
141
892
562
135
290
593
434
614
666
502
5
33
405
997
735
179
120
387
871
516
788
559
305
575
614
33
713
548
570
879
836
974
22
925
554
683
651
41
825
681
788
675
475
407
616
690
815
570
618
549
920
300
121
11
587
607
172
377
811
494
164
712
263
302
263
241
713
199
350
88
627
609
114
147
589
408
926
703
394
562
789
339
727
738
326
107
120
75
489
472
928
780
249
107
479
369
568
636
425
577
683
110
26
139
838
603
647
896
146
394
217
344
28
17
526
62
610
360
57
663
899
602
375
680
514
637
339
220
350
142
822
461
106
555
197
859
691
728
561
86
458
57
907
591
527
756
512
564
459
14
801
394
556
166
339
672
723
787
913
641
826
352
129
587
994
469
176
473
997
843
548
834
311
702
152
365
82
951
908
941
918
881
590
43
617
642
322
238
305
227
311
584
726
585
73
127
307
795
132
955
835
244
251
657
557
196
737
508
601
688
280
165
652
88
9
606
606
50
87
636
489
633
653
331
671
978
780
450
161
934
306
212
881
456
237
544
361
4
260
952
322
30
15
352
448
0
224
884
721
453
954
834
167
519
248
761
420
809
392
543
350
969
686
184
773
302
752
964
833
394
253
323
411
80
796
865
62
771
528
131
630
971
449
491
731
296
79
251
693
568
705
451
453
505
171
372
410
823
779
881
613
965
858
215
521
397
158
204
870
813
283
984
927
779
645
61
633
669
565
27
529
929
791
524
450
895
389
470
180
906
124
983
292
570
238
972
883
829
11
280
338
110
730
991
399
715
283
906
399
887
508
124
170
909
804
444
87
518
699
217
425
593
257
743
533
377
155
402
609
434
250
469
660
862
791
537
892
958
324
693
443
853
476
398
921
416
698
829
908
54
532
683
943
29
626
231
477
223
954
843
637
892
288
23
729
336
89
261
116
344
973
461
121
169
332
818
124
174
95
792
496
777
293
800
116
917
126
735
34
431
387
460
27
806
114
200
815
152
69
780
471
242
111
947
541
57
43
350
314
80
757
226
567
130
739
51
948
411
952
485
310
466
210
720
0
90
827
685
968
503
875
413
784
553
739
487
127
400
910
789
156
434
112
789
486
468
71
478
843
168
911
952
226
181
666
888
115
812
66
923
26
860
710
929
695
909
649
730
172
232
609
849
154
23
367
865
120
66
96
13
343
995
130
25
649
761
692
210
917
744
51
136
792
609
76
100
774
455
850
696
884
785
851
887
295
352
323
13
601
36
156
250
122
474
135
535
219
113
541
886
702
126
211
777
881
645
934
950
444
770
884
853
42
323
237
153
465
578
212
922
864
870
256
613
526
644
479
493
774
29
192
174
828
949
402
967
201
539
175
126
501
132
116
258
916
127
790
853
619
274
833
730
944
942
656
496
57
817
777
594
851
593
229
56
843
850
609
899
696
617
365
514
133
962
270
359
507
134
92
15
993
953
379
717
739
806
731
720
875
734
161
744
568
262
406
932
168
707
682
7
681
408
217
383
639
591
339
923
465
230
191
8
743
953
504
646
81
685
514
105
69
806
97
603
57
165
517
852
779
283
500
346
806
399
411
26
646
860
335
843
517
267
152
527
453
242
417
234
135
327
269
364
350
574
696
894
401
369
3
657
786
20
945
783
311
72
440
755
900
155
81
761
431
988
987
457
159
631
725
22
27
301
809
828
136
88
784
847
762
330
207
868
811
244
713
271
355
232
974
562
170
718
485
879
0
412
352
880
824
11
316
465
754
743
224
203
726
569
624
284
110
597
101
695
704
868
691
934
400
632
821
374
505
372
645
857
585
565
415
94
134
161
610
403
194
748
749
621
790
270
972
368
120
506
4
626
399
522
174
300
772
719
5
25
659
370
55
375
468
403
974
2
305
882
581
690
99
469
915
403
348
434
785
396
349
346
301
649
945
10
682
980
270
223
507
217
729
689
431
749
367
729
103
49
508
643
767
722
16
680
112
739
809
129
705
567
462
186
239
813
974
134
534
238
35
372
160
207
620
488
556
280
52
979
481
643
245
655
832
447
153
842
285
689
569
98
98
249
325
626
426
276
358
393
238
58
239
145
586
344
401
340
332
630
724
794
641
713
924
33
844
902
68
404
345
416
100
343
440
929
324
572
887
224
608
628
641
794
30
163
357
346
189
376
154
558
583
12
377
11
812
608
559
344
926
806
726
608
76
868
816
620
515
443
412
647
258
664
566
470
98
227
209
319
762
377
925
224
975
160
573
719
559
626
740
409
435
290
829
843
477
201
213
556
181
25
67
785
426
893
237
205
803
774
719
291
462
467
633
981
792
478
258
892
607
906
671
992
555
540
565
444
172
998
857
503
393
493
676
210
600
155
912
2
684
760
342
980
497
875
948
119
637
944
517
743
22
399
362
869
203
768
858
432
974
559
320
498
446
918
93
883
149
642
701
950
908
374
631
554
100
57
657
255
175
905
114
774
692
694
334
305
20
29
991
864
639
84
781
82
155
296
174
431
165
182
519
814
253
449
42
596
897
790
284
53
820
836
761
682
952
866
810
198
372
377
518
839
937
867
123
104
250
443
906
531
499
127
193
775
495
439
839
848
818
246
448
289
596
257
497
930
324
407
814
391
283
912
30
420
989
611
489
155
486
449
729
862
164
301
429
328
485
83
943
337
399
188
232
441
689
431
748
901
78
144
153
90
856
230
725
124
890
404
17
910
359
55
205
364
747
124
519
400
531
284
124
537
691
423
834
264
241
361
530
251
739
208
805
720
455
573
69
562
568
605
339
217
398
251
574
841
325
539
368
145
413
42
62
799
467
48
743
76
754
181
872
969
8
643
225
79
862
645
658
951
564
348
385
531
843
432
902
509
468
647
831
204
117
805
85
314
157
986
196
999
977
512
40
796
649
557
784
455
881
596
951
552
139
437
19
361
535
133
901
365
982
314
487
925
827
548
946
964
673
905
322
160
632
125
955
941
549
730
172
786
832
856
890
11
803
645
709
857
845
397
628
129
703
969
683
146
955
589
353
454
584
350
0
816
806
302
96
120
761
600
118
39
1
248
958
118
149
762
530
755
595
203
84
750
292
311
976
364
732
594
126
657
999
88
622
217
492
662
968
816
685
405
217
12
712
30
723
197
247
687
957
815
714
849
228
612
911
62
734
802
545
666
780
130
585
476
200
2
184
966
217
691
845
429
218
542
595
867
318
258
911
319
576
417
497
947
967
34
794
445
765
148
781
808
960
188
711
857
495
103
990
958
209
385
134
116
172
851
880
12
152
106
845
295
545
963
817
914
242
229
728
129
785
473
353
964
429
453
820
84
876
610
199
326
293
460
894
588
139
41
776
611
964
527
312
452
38
758
524
94
400
757
635
344
358
745
667
983
301
468
662
225
52
13
969
218
998
268
557
501
445
622
491
432
174
531
788
737
977
815
991
452
885
576
23
288
783
175
693
358
862
929
590
609
11
321
856
537
354
310
36
845
589
824
52
302
744
94
403
926
675
626
996
163
870
170
137
825
699
675
91
677
589
688
125
673
520
378
767
878
43
950
790
25
277
640
673
536
730
391
176
179
559
600
718
408
370
783
563
407
131
150
925
443
715
399
749
870
975
793
425
302
14
164
480
995
289
350
44
204
23
10
855
180
630
715
50
885
353
440
140
173
879
548
939
904
63
576
375
400
166
21
497
967
281
237
350
951
961
695
204
21
236
11
162
838
201
299
81
582
876
593
159
277
651
781
452
611
641
575
79
960
513
848
219
272
676
726
551
302
181
989
821
384
560
888
506
455
189
418
859
394
689
831
986
815
622
889
172
893
702
871
937
138
762
878
315
335
782
988
492
630
825
882
218
850
597
501
734
440
736
834
64
453
823
812
670
457
118
258
797
180
18
402
565
734
974
451
609
512
335
396
395
372
726
417
903
622
462
247
147
18
952
581
126
426
81
130
129
684
577
114
473
272
835
538
231
512
755
303
808
101
960
429
132
204
493
704
200
443
698
985
6
862
522
487
480
38
882
956
934
947
88
111
320
879
760
921
494
392
672
441
545
146
507
56
561
279
116
940
32
580
87
473
50
975
528
586
299
26
94
905
148
516
577
955
975
56
950
818
485
185
83
597
740
51
995
415
712
995
996
29
963
629
734
625
822
125
316
452
894
629
878
57
557
730
652
17
141
739
280
344
869
629
990
265
322
270
102
276
870
642
386
857
382
299
392
81
354
667
216
467
454
40
431
859
582
418
242
286
48
44
240
674
544
685
912
578
13
333
832
57
194
794
82
183
744
173
326
594
702
441
246
559
884
452
306
551
200
530
659
537
263
451
416
628
938
527
262
670
747
746
799
401
815
922
295
50
958
479
911
412
620
371
145
673
307
484
185
161
656
887
408
823
402
910
947
934
477
794
863
354
915
436
891
778
238
257
725
836
709
94
682
616
346
754
393
65
279
529
394
55
337
991
413
48
119
645
455
142
671
518
492
715
186
688
493
848
270
849
878
954
400
13
444
642
669
90
453
541
677
985
294
792
435
855
704
738
215
796
156
74
489
498
788
682
85
112
966
577
497
46
91
226
271
533
452
100
563
435
326
397
238
845
461
500
713
582
371
555
442
627
875
141
12
520
576
840
219
954
299
15
165
710
597
594
171
584
740
355
64
455
476
811
191
832
501
888
609
885
178
507
733
507
577
666
286
822
734
376
250
137
407
696
200
427
529
438
803
612
387
784
155
712
683
196
666
656
56
372
296
890
191
0
890
836
610
462
517
117
568
538
544
269
113
355
768
565
612
17
833
915
64
127
12
160
861
553
300
677
308
165
391
4
627
99
314
167
961
895
929
732
759
366
812
810
738
896
672
508
888
210
54
286
459
563
830
480
938
657
957
84
127
105
952
392
15
129
725
465
933
180
944
268
722
390
798
507
334
901
921
499
550
672
276
230
710
872
925
698
852
182
568
43
83
138
345
193
87
954
343
9
907
852
194
332
631
958
938
382
649
861
327
313
620
719
301
651
667
948
137
953
537
43
143
147
596
217
87
736
621
563
910
692
746
815
884
750
851
226
171
723
742
500
742
656
205
166
804
40
723
578
808
651
46
290
729
229
458
512
126
332
545
581
696
672
422
304
464
412
874
502
110
899
138
755
35
658
218
346
553
83
906
852
869
69
575
589
861
580
536
109
498
729
649
724
619
669
436
108
225
257
974
807
970
479
833
816
969
999
95
218
825
817
888
534
756
365
917
994
548
447
716
743
668
713
814
878
85
240
382
473
900
135
733
734
893
170
37
706
757
731
89
698
8
682
733
702
146
796
995
513
555
762
822
639
946
347
993
813
807
607
315
14
385
696
972
74
412
807
937
931
636
369
7
282
137
35
587
431
88
666
74
749
983
162
860
21
128
308
19
222
453
391
677
791
360
139
413
432
507
470
255
699
333
94
750
334
474
776
308
667
264
785
808
955
168
791
555
8
197
337
692
424
886
987
134
222
316
675
123
104
349
626
955
48
145
822
935
327
695
677
486
636
555
98
808
176
733
236
893
977
290
214
695
202
511
641
812
437
814
350
485
875
592
528
767
641
366
58
430
210
790
464
524
242
575
759
312
924
959
17
631
527
75
540
51
559
938
815
81
126
116
537
897
666
858
630
300
625
64
273
395
884
278
699
132
113
550
583
987
485
582
772
45
820
359
744
103
843
577
683
417
774
456
800
737
977
969
895
528
724
154
971
18
476
215
35
379
465
162
658
663
40
471
942
719
480
684
884
689
631
455
974
277
323
73
388
166
303
993
57
358
969
71
952
181
582
318
293
270
214
538
708
325
251
876
418
734
663
166
924
49
614
721
869
211
99
437
62
799
194
929
263
353
922
93
700
221
858
700
877
540
169
23
536
152
753
631
147
926
11
279
598
470
122
528
394
369
59
465
379
781
461
186
977
15
461
718
333
580
480
742
838
277
913
149
63
859
203
43
542
843
665
74
431
615
190
982
944
201
765
840
792
544
16
291
460
819
49
558
345
79
632
948
848
985
195
52
97
774
975
327
679
12
639
977
765
839
615
221
238
287
805
996
897
416
468
141
370
819
125
237
82
115
736
541
492
812
879
396
26
760
437
591
447
829
509
404
602
142
934
775
631
434
820
110
248
807
516
237
899
559
269
290
76
514
46
487
692
632
451
720
301
273
979
439
790
826
868
117
131
966
157
542
862
713
173
283
712
354
287
340
650
961
909
462
519
515
172
946
123
196
184
716
390
785
159
548
7
341
557
347
852
424
549
4
977
529
832
873
124
607
136
558
156
439
259
772
524
163
634
831
652
826
754
28
683
118
835
243
407
202
130
117
842
982
226
597
645
942
49
44
449
513
100
809
172
19
570
606
611
798
614
577
686
65
932
713
72
55
293
673
42
595
19
10
414
400
734
878
916
650
908
463
46
726
865
749
713
86
423
799
589
20
733
624
392
96
184
466
670
392
542
78
192
12
454
485
339
829
583
743
351
556
818
216
779
132
876
324
179
170
267
320
881
402
567
203
803
504
873
147
941
100
889
71
433
370
281
586
295
655
539
66
990
686
337
291
616
904
707
385
578
486
954
327
495
133
935
149
329
326
105
380
65
54
193
446
607
534
938
992
27
767
918
568
172
77
173
202
67
160
103
660
900
135
358
203
700
521
452
204
417
643
24
641
220
106
562
888
261
489
592
830
32
693
974
263
455
620
555
641
215
620
256
137
91
686
192
560
552
178
838
115
872
210
385
956
903
948
418
712
437
870
648
957
676
423
912
876
369
48
123
659
481
301
247
958
890
906
66
456
412
413
997
565
374
267
234
672
558
288
995
25
168
980
579
740
721
69
330
611
448
389
957
642
460
347
160
937
348
867
563
939
644
249
57
286
672
100
208
84
941
356
738
466
565
34
732
185
209
527
897
391
942
870
588
661
406
412
647
143
80
415
275
359
715
856
893
826
422
253
53
927
712
618
349
546
584
206
645
55
498
738
727
845
48
336
862
628
210
87
149
29
710
710
361
364
596
172
199
678
961
738
666
246
445
11
497
934
986
918
528
822
114
592
892
978
352
169
748
391
21
913
620
35
360
334
614
415
734
667
29
271
503
233
160
252
827
727
488
501
302
130
784
400
893
610
306
719
833
690
683
132
14
457
11
575
401
431
802
86
576
658
280
362
523
209
122
958
963
369
248
955
997
20
755
806
736
529
789
334
219
906
833
596
680
52
362
903
658
12
213
90
98
978
117
439
676
515
646
275
491
615
578
700
630
315
997
332
328
628
868
808
531
544
630
771
120
859
826
149
299
991
589
38
409
153
662
302
122
807
601
135
406
409
961
162
276
617
637
698
438
93
557
491
299
470
982
244
607
539
264
672
602
609
583
86
154
926
746
782
944
112
973
440
558
798
410
875
402
91
197
477
374
200
548
987
409
425
222
6
808
129
183
941
189
744
900
585
74
45
156
643
976
123
552
45
658
246
955
667
557
355
382
418
202
311
721
134
388
93
839
762
307
723
700
692
37
577
270
853
327
663
837
727
285
667
658
526
551
356
958
17
156
282
284
291
396
356
889
847
434
813
301
109
157
897
524
496
12
849
204
923
310
443
51
823
61
553
298
443
392
147
694
820
989
548
127
916
80
959
811
55
309
144
406
82
858
497
794
940
620
367
743
983
46
686
793
374
364
372
240
636
26
489
779
959
891
65
1
664
486
372
621
481
869
135
608
354
828
708
573
451
116
149
372
404
130
384
848
530
914
400
667
847
202
124
746
182
100
916
811
808
895
837
560
592
754
632
256
538
823
239
293
953
971
844
854
915
787
411
378
744
236
311
725
592
909
230
357
744
53
531
904
810
561
746
781
143
400
335
701
185
913
293
761
966
122
889
866
933
467
230
287
254
14
976
819
89
629
968
227
438
932
597
759
897
259
614
584
368
310
361
830
882
880
578
248
118
701
931
327
665
43
473
234
733
163
115
142
551
661
464
279
929
571
862
383
195
85
602
314
228
715
193
126
134
815
78
717
832
539
768
28
192
129
882
811
885
72
382
435
41
439
317
916
811
829
357
141
331
643
296
179
207
884
180
139
864
7
997
51
115
846
336
1
419
502
547
360
609
685
595
579
452
519
404
642
140
605
709
868
898
888
669
499
874
376
10
909
735
623
345
701
539
403
314
480
711
261
714
399
744
956
188
128
203
856
594
314
443
50
989
823
791
500
227
903
700
427
293
901
238
105
417
366
720
355
724
329
541
269
299
370
372
961
874
487
207
968
164
238
794
882
521
643
767
215
404
157
221
114
656
722
947
231
975
496
259
705
744
371
729
115
419
297
125
975
898
824
816
201
871
77
423
976
182
157
857
621
103
297
692
148
501
780
420
241
305
705
368
684
490
579
347
59
782
698
254
659
959
374
892
454
324
417
162
659
711
422
107
513
496
676
637
878
116
998
391
95
107
682
347
184
371
957
873
828
43
633
329
926
312
9
14
130
986
339
540
511
503
292
166
866
470
637
136
692
533
246
1
526
677
341
655
581
92
240
893
703
564
713
896
810
512
221
25
324
568
970
338
210
392
449
387
478
3
120
314
462
728
997
812
446
885
278
393
244
334
111
717
359
979
572
915
143
486
559
33
614
497
651
271
332
411
781
107
813
532
450
674
922
762
218
251
694
340
221
434
353
982
616
885
365
488
457
394
353
185
780
51
395
551
929
97
205
936
306
308
875
756
188
387
396
567
958
930
323
666
575
423
785
339
840
311
920
826
415
662
473
938
426
399
928
58
27
251
671
709
312
540
623
377
105
621
130
353
303
996
647
819
903
292
737
788
630
766
890
870
711
1
128
373
930
418
217
570
897
667
469
943
722
226
434
30
882
799
769
878
149
673
545
21
647
524
115
609
54
499
847
653
864
883
339
667
170
135
445
242
384
582
540
774
348
869
321
972
304
686
733
781
118
150
775
791
591
365
777
317
462
943
450
839
631
702
731
422
766
256
396
488
764
722
512
691
594
391
10
284
882
682
996
739
809
677
360
926
490
744
577
573
220
448
175
0
8
315
55
92
806
324
44
739
12
182
520
164
650
841
967
565
300
597
689
877
39
61
729
942
33
592
762
426
984
590
351
126
772
861
785
89
146
499
212
659
25
84
864
6
703
807
312
201
180
4
284
287
6
210
216
688
405
137
259
566
829
582
280
518
910
382
355
985
801
841
916
561
90
14
8
407
23
321
979
543
88
67
679
440
24
910
529
424
572
24
708
83
192
967
12
0
796
151
589
100
900
796
520
210
823
778
32
198
821
232
921
871
359
319
88
36
337
719
901
137
200
863
354
173
894
536
638
707
136
410
327
802
408
224
588
749
482
674
180
478
41
676
998
967
414
363
568
954
867
958
176
362
250
831
714
424
796
183
250
975
225
54
863
604
439
437
837
858
738
31
243
872
208
151
592
762
27
284
338
912
964
26
344
277
128
600
180
92
925
216
623
80
111
388
760
224
659
80
503
937
25
523
122
86
194
370
187
438
900
503
112
700
212
990
204
24
544
21
60
303
340
609
246
146
169
328
261
629
826
732
8
182
427
228
14
557
849
292
80
114
314
454
537
528
157
914
151
750
712
45
358
422
67
103
645
529
475
661
262
646
471
456
47
653
145
87
542
554
447
700
228
807
160
464
143
823
253
43
53
62
842
778
567
914
171
90
235
271
69
152
468
93
559
833
460
214
210
891
659
71
974
958
667
421
686
726
633
382
827
922
804
509
562
87
9
830
145
371
203
27
877
538
841
428
894
113
896
449
242
851
847
67
495
308
350
450
741
227
889
225
736
665
797
263
67
528
265
815
921
239
104
506
949
256
617
989
888
895
319
354
436
282
645
298
387
109
871
290
961
418
886
78
285
776
233
164
769
485
666
188
794
119
764
398
539
433
754
558
663
218
392
612
189
728
776
617
112
385
291
264
431
433
255
465
783
895
929
453
81
796
605
95
868
957
761
705
626
947
573
341
354
122
780
762
716
317
339
293
468
846
561
202
605
693
919
552
265
691
890
993
248
235
418
117
717
446
5
250
87
481
31
38
193
964
753
957
255
177
393
949
882
812
462
434
409
860
257
908
857
655
568
578
825
192
414
282
999
578
674
807
741
926
407
112
565
571
340
660
468
724
958
398
454
723
544
605
326
482
322
596
125
498
251
654
238
261
127
561
310
303
358
265
47
37
105
196
579
61
221
602
619
890
955
358
816
402
681
174
297
317
280
15
436
158
222
943
238
213
4
931
946
40
670
541
740
721
432
333
145
284
25
809
644
956
909
122
568
168
401
640
714
478
845
505
493
940
798
521
619
722
780
351
696
0
890
771
753
617
660
155
626
184
674
533
127
682
824
514
598
169
783
415
663
650
668
752
638
205
627
128
724
715
479
254
811
576
748
844
70
467
317
83
124
463
312
609
298
572
708
593
488
798
760
164
454
655
917
102
880
904
487
272
343
932
101
918
265
285
713
854
397
155
484
352
486
317
925
433
381
57
736
201
604
339
44
62
200
324
812
302
575
256
614
245
247
672
545
956
158
424
917
935
595
292
142
11
812
396
282
29
706
738
254
901
984
782
864
119
705
735
442
849
630
422
896
974
564
570
852
469
849
303
522
186
13
713
568
871
107
732
115
769
459
313
545
275
930
466
73
583
844
790
176
629
284
490
103
664
7
714
641
912
426
652
847
127
863
478
198
65
809
655
306
448
795
185
574
107
634
949
11
253
657
407
704
787
976
201
655
801
505
393
699
796
443
900
941
928
28
967
396
599
730
554
455
309
273
555
855
385
399
767
668
863
789
707
829
480
633
395
486
976
400
645
480
194
737
428
55
132
62
976
189
597
862
455
923
139
504
187
122
268
314
658
182
715
951
917
979
668
803
719
591
414
23
218
474
482
837
231
446
480
430
33
61
415
187
346
858
134
221
599
951
283
363
226
818
101
814
722
753
645
968
675
526
477
154
302
452
888
148
896
361
226
971
136
285
464
153
898
37
64
708
759
588
705
767
4
831
338
508
127
109
660
816
888
126
507
669
936
535
314
980
505
265
801
186
349
4
770
312
111
828
35
291
834
369
629
378
528
701
392
605
937
647
79
622
987
730
304
155
949
956
366
73
498
789
976
63
192
802
671
181
866
0
67
546
25
681
616
789
676
326
726
852
931
148
698
379
214
641
624
166
463
473
735
410
789
824
328
792
616
289
987
792
379
798
51
497
621
400
367
895
960
143
955
527
480
251
387
116
517
92
294
554
416
397
172
730
418
897
721
427
736
218
627
342
822
325
220
785
112
329
401
432
528
187
702
772
617
249
774
570
418
17
934
309
829
826
322
666
265
371
438
849
706
810
740
632
965
91
890
974
175
252
121
10
802
934
142
849
878
595
943
512
285
838
551
56
842
556
521
431
335
798
202
484
65
747
922
203
619
327
963
529
955
16
484
365
729
965
8
468
640
214
199
355
275
998
453
19
510
412
555
77
226
699
77
19
372
721
278
402
273
766
617
274
317
352
570
576
788
251
530
457
550
7
790
178
18
206
874
305
677
475
457
239
217
626
962
259
569
733
325
754
162
969
510
462
816
477
694
289
231
711
691
221
47
511
62
36
391
575
358
891
34
310
335
887
343
252
186
159
269
931
789
503
69
461
362
599
314
504
310
51
140
229
286
787
651
263
315
755
28
749
178
480
993
21
954
716
374
653
656
78
263
332
578
304
61
297
641
798
390
52
314
353
350
616
903
727
679
430
342
408
694
650
645
380
311
821
339
872
532
540
68
122
800
618
17
286
323
75
820
220
751
757
786
736
67
236
668
986
50
546
885
409
560
498
489
483
384
991
992
286
91
9
643
861
259
650
494
783
730
672
862
29
61
571
722
650
824
88
647
427
187
483
853
739
295
936
342
611
867
557
457
914
496
418
166
615
227
817
337
46
280
756
84
971
560
347
227
608
18
832
96
324
656
877
477
491
401
307
404
819
352
507
536
971
973
641
149
730
333
701
821
194
821
358
654
381
902
71
541
790
265
197
57
216
773
267
260
999
314
609
256
567
667
463
367
936
928
232
730
674
336
147
742
848
782
758
52
571
192
102
644
853
478
812
685
764
853
662
360
415
774
560
472
896
732
316
0
991
67
220
582
362
842
588
606
750
21
736
569
292
98
164
405
798
209
243
234
840
556
443
333
446
800
899
127
162
343
302
101
467
831
621
293
220
335
932
78
852
148
11
308
391
561
102
430
785
823
987
902
497
177
655
205
438
55
500
69
449
35
101
213
499
931
98
692
251
394
726
53
1
508
469
69
944
599
248
270
912
416
897
283
944
265
844
850
618
657
11
22
392
362
936
782
293
48
849
111
3
752
344
536
354
605
623
469
720
440
500
637
62
264
774
375
899
311
46
213
650
733
15
103
111
170
634
192
822
379
630
783
353
39
791
872
977
895
229
557
636
437
554
640
886
431
998
286
754
194
975
262
283
54
369
78
54
485
729
45
106
629
108
436
208
771
582
623
665
123
540
410
589
777
46
783
949
349
390
828
900
40
60
299
332
204
719
826
135
890
817
272
595
65
208
48
967
75
306
616
36
355
677
333
4
412
742
108
163
838
755
956
828
628
46
707
988
815
570
665
695
482
484
339
582
572
43
155
39
804
381
279
990
797
978
925
356
952
141
902
641
116
211
141
76
44
107
117
483
450
76
822
464
362
224
511
701
431
754
397
854
695
268
382
471
343
106
200
304
693
429
831
777
566
557
372
78
697
638
57
550
10
982
136
520
633
307
142
706
576
923
220
326
357
122
684
722
283
936
459
546
976
680
175
998
43
659
10
563
949
55
223
601
326
387
941
421
81
946
608
12
299
509
724
188
923
568
239
409
422
794
830
976
716
603
481
182
844
462
37
196
539
947
103
374
697
925
513
94
665
709
496
88
7
803
504
64
398
967
876
375
785
526
162
856
667
470
249
669
414
51
271
849
560
238
246
76
959
7
564
815
813
400
272
878
475
383
727
817
877
534
379
870
672
857
580
275
921
291
481
310
434
525
19
500
358
618
769
873
852
30
1
26
800
331
827
74
313
496
334
690
914
624
192
154
801
22
317
280
575
523
898
880
57
714
578
490
436
9
975
649
569
62
81
733
802
400
300
300
355
944
829
155
460
627
177
977
393
17
465
73
33
891
508
850
206
846
65
912
861
230
831
633
641
372
168
417
852
627
307
73
130
117
499
955
291
447
967
110
398
497
729
260
879
902
785
362
452
762
739
673
68
33
600
416
610
879
905
11
527
959
318
421
607
20
46
709
570
498
62
689
450
963
836
797
801
990
826
800
753
774
16
888
21
972
702
49
863
95
524
108
168
622
858
842
864
714
561
43
963
346
972
791
502
644
711
457
257
408
299
376
35
896
419
960
471
705
517
166
113
381
39
436
414
246
346
443
709
102
704
137
874
346
542
457
219
763
335
890
700
553
326
710
997
231
637
362
110
282
402
354
258
494
634
848
610
665
172
346
970
986
604
443
361
77
11
442
521
22
603
91
3
703
177
792
858
12
549
24
429
371
918
373
287
908
493
167
787
288
765
990
775
261
807
929
768
171
938
246
884
387
988
713
613
717
510
98
764
743
605
271
596
39
623
987
373
257
174
237
516
347
812
290
465
109
600
810
150
430
294
878
900
151
686
763
82
665
438
507
262
828
192
634
110
842
83
471
770
116
405
562
958
6
311
739
631
760
403
701
132
549
87
681
268
983
667
433
979
697
256
25
196
153
289
785
297
122
504
243
463
704
96
444
860
955
532
123
166
618
298
487
926
715
641
48
527
99
963
411
780
880
659
320
619
488
906
299
394
392
883
216
487
238
259
953
85
780
107
77
467
574
836
714
365
217
720
461
418
317
700
301
714
915
894
450
237
522
844
541
641
946
408
965
273
249
963
579
857
38
946
581
479
901
782
730
432
21
750
60
542
76
309
474
814
197
818
883
664
932
739
41
757
935
116
327
941
888
903
80
927
576
610
568
474
373
157
258
134
567
209
252
721
539
574
472
342
896
615
122
110
862
453
820
743
984
549
319
434
351
422
255
341
684
600
335
285
162
431
490
105
460
231
427
673
924
292
247
666
679
110
114
750
830
507
45
819
366
532
610
212
904
388
819
582
821
57
537
819
460
198
273
150
633
777
790
190
912
389
708
247
314
365
952
694
225
256
66
161
370
30
867
454
830
601
123
318
231
522
471
788
450
717
187
51
160
571
564
940
716
781
515
340
964
591
696
624
301
554
676
230
725
936
177
575
748
269
215
591
967
407
392
19
492
367
171
919
133
453
310
924
992
392
524
637
671
683
662
834
142
706
849
96
607
707
555
718
305
28
338
875
167
48
860
105
42
601
405
571
454
66
198
719
435
568
584
473
992
262
649
956
594
241
384
5
907
691
396
119
238
912
779
685
586
137
4
505
77
984
733
598
823
844
5
344
891
665
414
437
383
686
179
446
276
14
365
403
32
338
889
34
582
525
144
508
406
724
492
606
362
590
175
130
705
816
719
589
471
255
84
662
682
126
176
152
827
577
164
355
823
901
3
189
24
469
234
247
48
572
828
630
641
520
351
806
574
51
385
792
563
489
47
713
463
576
584
588
752
718
156
159
647
381
443
311
353
263
314
568
142
290
375
689
585
193
898
962
524
206
62
267
673
60
490
701
776
246
263
348
541
330
441
736
532
58
367
758
886
372
911
985
545
125
933
382
171
558
434
487
940
435
769
741
252
825
932
73
786
702
726
268
569
879
954
648
859
894
497
298
310
246
644
709
906
69
876
234
583
22
889
153
143
614
83
729
861
588
777
255
838
221
217
402
661
175
636
764
93
758
296
844
714
499
870
252
781
923
326
589
927
184
243
29
629
689
337
442
380
607
78
840
424
30
784
398
444
448
580
528
18
595
387
120
359
828
765
817
52
207
310
387
517
638
620
848
841
330
51
337
454
888
745
631
833
546
217
119
531
478
889
664
810
884
452
516
364
531
327
81
486
915
417
136
220
22
463
592
988
879
442
504
440
718
385
268
901
750
888
991
126
665
760
414
429
492
495
254
612
772
979
220
210
731
302
606
933
952
141
458
823
347
263
167
234
786
82
483
970
50
831
190
756
839
5
536
341
256
152
340
839
45
352
838
178
871
77
716
406
149
948
744
834
785
116
640
974
786
282
966
120
799
306
306
92
296
762
93
947
42
25
90
918
370
69
302
199
29
948
217
401
663
771
113
931
780
153
126
648
725
94
641
667
577
112
831
848
122
112
988
169
920
579
507
804
952
867
727
822
261
485
568
803
829
185
829
798
233
691
209
104
768
827
594
292
309
866
574
852
421
695
825
870
418
881
433
6
376
22
323
899
152
3
614
650
114
503
215
887
827
465
625
958
13
446
898
876
73
725
500
263
482
923
407
104
454
970
891
196
895
642
530
118
739
327
841
129
348
269
615
366
440
880
392
826
939
283
466
528
869
223
978
732
940
726
898
258
694
963
427
482
166
933
364
875
380
913
507
198
504
32
732
167
714
735
836
68
164
595
425
31
224
273
854
232
764
281
724
830
443
940
976
183
482
28
306
449
762
26
803
815
140
28
261
40
105
553
832
900
824
901
942
975
749
769
394
491
33
984
324
629
654
154
661
215
302
349
768
4
586
208
673
361
839
910
268
348
423
212
149
552
172
628
569
415
666
504
600
27
522
432
178
296
628
434
273
188
551
85
671
725
233
118
141
819
244
940
788
488
47
888
834
525
202
456
670
870
988
457
777
616
697
552
690
432
925
530
191
706
376
339
797
974
422
93
375
643
219
645
877
45
292
725
843
485
973
163
715
620
336
913
637
719
261
445
182
764
678
78
346
296
106
795
282
214
918
957
401
172
446
566
284
618
108
564
222
119
231
327
296
646
910
230
962
829
164
939
367
282
965
971
295
522
17
145
876
929
735
699
214
195
570
695
528
915
798
92
65
248
258
312
333
758
590
907
707
605
21
819
380
448
584
651
194
345
976
762
270
240
468
557
172
809
286
945
147
739
248
245
523
487
501
226
350
372
73
735
949
937
686
546
718
161
403
904
77
834
507
555
864
319
559
71
475
84
885
674
701
947
867
350
631
76
905
461
494
12
484
418
147
993
139
107
10
980
171
411
248
449
715
851
146
99
880
703
981
94
926
697
482
728
231
722
25
396
945
61
644
135
488
122
627
649
763
246
176
778
293
390
568
515
673
571
946
271
653
639
820
58
6
994
263
13
223
53
12
982
683
439
486
906
487
40
225
775
996
79
778
8
281
684
237
580
439
657
442
732
913
776
85
418
952
616
787
257
226
106
802
942
739
426
709
685
758
921
368
186
76
537
761
946
687
145
933
470
410
543
875
544
817
124
424
64
576
686
604
231
831
472
64
722
328
246
679
202
105
687
542
666
673
733
551
87
753
279
656
215
64
347
177
470
11
286
593
477
840
172
698
976
528
214
854
13
950
94
788
723
210
124
79
802
565
498
188
393
847
669
5
563
806
641
372
488
208
479
231
423
101
732
484
401
638
632
285
233
629
411
719
388
613
176
333
544
97
693
164
873
86
437
718
126
951
183
373
459
882
273
572
77
459
35
934
211
948
7
804
793
614
309
438
58
448
689
592
259
285
849
132
977
234
369
496
785
531
618
380
850
838
900
954
911
114
459
850
508
612
627
404
20
877
188
339
273
906
659
732
831
375
664
686
231
697
20
613
740
927
946
17
988
389
901
522
124
750
757
154
427
315
437
123
247
220
336
632
199
276
443
855
556
33
814
974
313
273
199
823
410
562
879
492
420
896
856
821
26
49
445
920
240
712
292
603
508
108
545
484
62
594
220
744
642
344
742
410
357
593
987
873
30
690
217
690
810
110
829
660
871
202
581
941
283
953
261
185
52
988
803
862
97
105
541
705
680
986
694
212
340
599
206
8
811
3
582
621
398
444
679
201
315
411
557
415
544
883
939
33
241
128
586
413
976
767
177
153
494
696
699
592
90
274
773
403
492
521
461
429
943
658
149
14
114
990
303
165
756
130
309
151
866
804
627
787
519
389
266
923
651
332
137
726
124
957
160
22
706
920
927
579
76
676
561
518
57
436
418
843
942
534
650
742
781
262
690
381
336
832
218
402
267
454
819
960
30
288
554
340
729
459
297
748
444
544
579
361
70
567
19
653
325
354
453
894
90
151
185
443
472
823
625
516
194
752
367
198
4
169
912
59
292
670
736
379
252
397
696
524
375
685
780
586
600
369
895
862
175
590
4
309
134
858
515
872
894
187
672
618
301
431
95
573
584
556
585
841
855
125
128
425
295
235
924
849
671
380
720
33
650
792
969
573
435
518
585
683
33
465
193
203
136
962
994
661
347
883
891
615
47
627
513
381
36
497
640
600
458
782
13
501
306
824
929
746
151
717
233
377
767
805
940
997
94
219
147
56
903
443
806
341
820
642
698
492
972
808
159
56
622
509
638
725
724
451
739
196
825
401
468
819
389
306
432
823
922
336
649
50
391
620
257
644
492
860
459
237
460
930
893
54
478
743
869
705
290
200
207
940
839
52
972
403
562
690
696
625
580
668
689
128
340
665
395
145
738
696
511
683
77
328
685
759
434
924
220
39
706
708
750
926
48
553
249
682
905
645
851
420
733
145
662
907
435
533
417
562
618
191
686
922
455
721
677
96
868
979
451
825
164
487
288
396
295
894
46
91
316
842
460
553
684
732
411
493
635
696
934
192
460
856
344
472
349
113
764
210
254
22
340
815
23
172
770
959
523
486
173
693
315
558
284
652
131
799
139
590
131
421
104
845
971
832
782
893
556
375
959
905
960
930
147
583
669
880
575
57
535
364
379
484
63
85
150
37
152
911
198
445
327
752
444
236
657
679
614
876
412
659
592
358
600
599
227
981
557
154
637
543
391
407
624
82
317
874
918
770
448
53
152
36
305
572
334
896
305
61
75
560
866
556
819
769
31
931
711
914
586
310
522
887
817
746
745
48
803
389
230
14
263
834
564
204
362
923
867
508
719
994
321
118
524
528
607
922
964
148
954
589
863
865
199
725
551
319
389
206
649
789
848
441
656
814
546
142
758
199
944
6
923
586
310
490
627
944
928
86
113
778
997
508
137
273
303
188
604
101
240
425
34
812
119
690
501
735
268
967
753
897
630
967
474
871
28
95
933
364
742
708
122
968
530
838
447
43
430
318
629
688
679
492
290
642
603
279
45
1
505
202
885
240
546
551
670
865
150
819
732
992
324
656
299
796
534
670
250
412
495
177
911
118
276
331
664
285
430
633
898
159
852
933
9
689
931
930
975
99
412
633
224
344
278
987
203
521
2
122
141
373
722
733
580
433
591
661
343
586
820
662
937
738
780
299
784
90
103
868
237
875
945
743
721
924
108
739
57
970
747
574
367
5
60
701
227
148
593
582
179
960
526
425
620
982
844
340
936
27
648
174
532
351
4
38
470
857
83
2
137
756
625
273
421
13
948
767
626
268
971
401
684
863
63
559
576
57
57
358
279
650
457
473
590
641
521
449
235
188
994
307
442
827
66
838
202
122
752
529
599
483
894
279
359
292
484
550
489
743
22
348
132
551
153
4
971
48
226
413
153
647
158
671
427
508
671
816
362
381
536
638
439
549
235
322
220
993
722
455
554
872
303
611
813
110
307
928
887
9
893
221
772
783
313
770
87
79
887
176
698
828
305
849
798
565
154
847
901
531
911
723
171
470
754
616
20
744
943
62
62
934
933
856
734
969
284
578
455
902
27
786
754
54
380
806
349
561
558
348
581
454
371
586
249
890
345
415
410
381
891
239
424
533
722
530
390
376
993
533
881
914
35
217
615
180
479
749
184
739
400
150
946
699
59
694
646
596
536
656
18
325
844
772
704
793
782
489
677
666
604
877
603
772
384
694
818
377
995
15
833
142
842
284
213
275
705
853
654
244
576
123
616
377
254
159
10
697
366
242
362
705
532
995
807
90
400
590
915
881
296
474
276
578
754
9
733
395
580
645
706
490
451
464
798
232
939
846
502
949
458
460
427
406
455
822
789
272
394
112
616
49
856
549
156
267
313
725
13
82
780
115
209
536
970
512
28
750
212
484
543
379
574
343
160
864
113
433
88
198
951
455
6
461
460
429
473
969
838
785
382
676
737
500
964
775
12
15
352
424
497
457
109
687
272
692
144
876
430
848
994
993
69
674
977
544
570
978
858
980
288
839
6
593
629
72
163
579
972
442
146
234
263
705
2
456
584
352
963
507
737
505
661
46
13
400
783
418
844
275
251
415
992
516
949
683
921
212
500
124
530
97
931
428
226
523
448
978
955
907
174
711
167
242
764
903
123
369
600
948
77
90
303
515
210
948
9
780
964
574
287
146
409
760
479
496
330
932
72
628
115
790
71
572
371
796
941
324
123
208
710
534
39
877
280
569
952
65
967
795
603
821
761
964
394
746
384
821
833
524
548
598
920
26
744
852
735
538
662
913
700
637
202
709
70
95
235
84
254
448
952
216
487
953
581
571
782
322
196
870
233
513
161
730
376
204
74
191
949
446
324
647
793
382
550
976
918
471
694
903
301
855
754
217
60
686
197
69
672
109
371
810
151
844
953
680
978
511
904
530
377
83
643
938
349
899
218
302
2
782
671
979
142
752
161
544
8
792
550
895
165
129
742
568
619
303
550
211
715
180
38
835
930
459
831
507
570
280
670
713
251
800
390
463
460
780
455
547
990
796
433
607
343
928
697
606
187
637
101
825
131
754
984
993
686
642
417
562
1
58
508
974
708
203
278
692
216
837
322
748
678
781
547
238
409
630
160
988
277
145
964
392
283
97
269
126
625
860
713
203
238
295
429
529
591
538
950
95
76
496
376
106
590
430
312
944
506
259
58
181
505
52
240
989
70
545
138
123
363
134
738
183
658
965
361
282
567
698
647
87
835
839
396
886
3
949
429
788
869
579
150
712
150
895
785
288
623
748
685
387
402
327
360
747
473
652
932
375
572
221
460
206
422
236
776
744
539
530
323
644
628
156
871
355
676
114
471
430
197
891
201
358
745
737
882
51
465
254
241
386
61
931
783
608
939
506
256
442
181
845
81
46
668
183
826
686
154
292
264
720
156
344
47
945
38
553
438
910
798
750
760
259
254
574
402
604
568
817
407
262
155
23
334
981
39
490
80
718
441
18
314
160
908
51
342
910
517
100
357
686
717
441
116
93
67
564
622
877
684
384
568
894
539
366
614
613
941
163
269
976
686
58
300
729
141
489
903
635
329
899
494
381
93
851
194
254
209
34
126
811
649
728
556
870
502
514
437
831
688
399
651
510
298
745
874
184
359
761
63
297
77
308
160
17
168
497
987
314
939
815
880
697
269
603
217
935
635
845
693
575
290
973
294
861
626
437
675
693
446
619
481
160
30
512
409
844
846
243
653
812
712
740
232
107
498
529
548
586
727
506
592
784
191
418
371
638
942
676
600
397
219
210
56
195
203
330
406
444
47
119
200
671
428
173
176
62
4
7
470
880
936
409
11
403
876
47
73
563
70
743
853
679
487
459
670
230
434
476
192
307
853
511
51
766
576
608
324
551
531
595
453
737
973
427
633
60
594
367
161
630
781
338
262
614
863
23
840
710
26
401
534
70
527
108
776
904
459
768
929
148
953
654
156
79
290
519
461
988
725
991
661
771
935
879
2
336
812
110
852
966
692
738
234
58
703
857
699
903
827
33
692
778
567
825
578
527
959
172
307
393
9
287
544
136
888
87
892
247
782
821
641
348
99
452
774
680
382
601
663
33
167
431
688
943
516
378
18
899
318
608
631
190
420
713
52
167
737
657
187
238
590
421
813
554
708
528
977
868
906
419
272
590
444
365
142
320
421
613
88
230
889
240
621
10
931
931
994
512
867
809
135
885
852
282
627
288
204
394
672
224
6
622
792
388
451
231
135
908
759
369
274
214
298
131
646
574
166
859
461
851
435
303
372
47
153
71
844
747
551
463
879
128
156
985
42
8
168
34
142
351
996
691
573
469
63
996
46
673
587
517
918
307
514
386
361
866
610
915
80
921
591
314
800
763
878
409
994
469
577
575
267
246
416
948
383
259
464
246
937
832
670
960
328
159
524
237
943
602
84
253
241
301
165
914
94
482
827
296
652
499
162
165
434
848
486
641
639
467
120
682
172
801
419
386
394
507
349
316
540
766
721
608
677
378
532
992
137
319
304
893
924
781
551
337
591
169
739
547
643
972
931
56
893
338
59
969
23
401
806
762
105
855
91
905
53
228
597
412
649
749
448
855
970
402
777
6
0
709
190
266
315
364
748
767
92
797
98
586
76
996
161
276
19
776
400
408
156
929
748
235
454
300
434
925
327
996
61
304
717
529
862
967
704
548
195
107
156
563
286
78
215
352
592
567
163
648
422
126
236
202
455
489
65
485
986
631
244
176
14
249
84
789
836
603
196
964
509
523
371
972
724
592
22
516
510
871
603
65
608
675
507
682
653
686
208
591
564
230
1
71
376
980
247
137
110
504
162
589
281
831
353
559
722
489
594
244
247
498
748
265
244
619
733
733
916
821
136
709
895
778
551
777
17
749
713
372
415
571
84
894
94
17
70
380
722
440
606
752
521
413
657
273
165
259
476
32
361
213
101
668
898
762
538
62
507
700
595
529
959
984
444
147
68
622
988
441
300
647
636
789
363
508
454
54
643
582
938
525
480
60
900
64
10
592
897
579
91
222
861
660
32
569
239
997
627
535
605
279
621
348
565
191
647
280
847
867
657
663
574
245
591
356
60
403
702
687
626
495
879
141
975
88
214
676
331
817
445
545
870
881
315
966
607
456
769
822
120
973
995
911
521
136
664
964
2
392
930
843
700
54
106
201
655
541
783
890
465
514
166
687
929
636
885
175
307
712
245
587
824
868
911
565
935
188
741
778
399
663
297
311
854
911
928
369
350
704
234
199
354
552
387
922
314
893
877
439
415
900
525
236
215
987
73
385
235
870
722
162
849
770
595
561
767
190
467
647
155
340
248
416
948
253
892
538
337
58
678
849
772
442
645
135
86
738
341
550
750
691
594
654
35
144
968
711
131
796
319
758
185
392
866
398
353
388
111
264
243
107
475
532
297
382
550
365
186
645
778
14
866
383
142
345
179
195
927
762
280
63
32
117
635
942
818
932
922
660
667
795
900
512
333
504
727
358
512
23
660
199
213
293
262
499
81
786
689
426
995
343
821
157
25
679
489
153
391
340
32
360
290
242
694
759
584
2
588
616
657
707
722
294
584
965
148
837
945
581
324
632
163
753
576
757
941
464
362
569
547
455
867
31
235
96
858
595
594
873
234
595
425
918
32
297
941
52
372
286
928
367
774
843
838
727
411
354
318
936
65
662
645
357
749
553
21
813
674
114
495
704
361
966
124
457
493
700
300
828
869
572
590
580
446
468
964
786
866
381
699
961
603
514
698
474
134
52
884
216
116
736
492
521
248
686
182
630
690
724
772
901
160
314
386
905
926
5
541
401
308
1
16
165
673
78
930
549
560
189
589
249
396
928
336
54
806
38
394
343
449
549
835
427
359
70
430
930
566
652
524
319
874
768
806
700
261
274
450
454
906
711
307
360
166
847
59
193
788
649
580
385
503
422
438
318
858
250
902
144
431
799
845
717
869
956
257
743
831
96
218
470
958
382
124
655
669
809
462
5
586
449
611
479
978
473
622
374
147
84
54
850
931
42
667
264
12
672
473
177
581
504
580
962
276
889
376
544
902
357
945
65
687
884
895
403
991
698
604
523
140
184
822
652
144
775
983
488
183
614
535
120
434
5
824
856
958
933
743
863
357
181
948
899
271
960
178
589
357
968
306
625
415
439
801
986
133
78
336
128
106
656
997
88
965
75
87
605
254
742
786
729
946
556
726
767
837
803
802
104
797
227
166
671
827
833
199
249
868
501
151
5
91
239
627
218
853
404
484
965
97
75
11
858
670
539
781
302
376
866
801
770
673
930
586
340
112
145
591
595
859
480
641
457
35
687
336
358
540
129
68
940
910
470
662
264
655
462
149
255
660
592
54
486
916
469
930
