787
773
862
163
436
480
354
191
260
970
306
593
291
528
743
512
314
866
28
727
427
665
884
487
92
238
877
376
177
294
107
721
192
294
654
972
772
10
58
306
308
149
431
289
947
171
118
975
570
206
201
273
720
652
857
274
39
465
188
603
731
510
724
675
772
118
478
114
682
881
445
134
121
258
493
887
630
968
127
536
504
733
726
915
350
568
513
544
887
146
963
165
282
597
984
374
126
937
933
572
302
165
85
794
722
934
15
577
346
483
24
430
8
328
498
499
791
797
641
764
615
670
132
239
648
657
598
159
802
953
780
847
307
161
869
397
403
349
107
895
49
174
66
621
131
172
423
190
456
813
252
217
213
394
586
482
177
496
556
47
811
902
105
603
743
0
548
12
671
205
997
903
857
55
272
350
608
787
944
525
548
992
934
265
221
160
92
489
527
562
83
543
195
22
571
671
3
796
433
640
416
243
836
354
465
219
379
56
942
851
813
127
656
891
930
912
191
465
196
302
293
152
383
824
849
549
898
203
479
483
356
442
390
148
995
506
87
489
947
229
757
754
400
173
795
863
629
229
838
102
41
290
39
763
789
240
554
494
571
132
890
488
21
984
89
545
529
997
724
815
347
530
268
629
97
760
88
421
52
559
252
506
107
633
861
518
875
549
913
522
900
835
572
434
687
348
229
662
56
193
187
761
200
314
109
628
258
343
674
91
230
310
230
309
930
859
867
845
816
368
392
229
6
125
187
26
694
578
665
457
136
838
873
529
244
731
341
599
493
321
290
53
565
27
795
460
209
170
362
139
306
447
349
36
223
747
712
513
95
913
241
530
755
756
664
245
55
413
398
264
90
264
390
717
862
431
202
321
230
474
311
387
156
125
474
33
965
913
241
573
211
263
866
156
499
345
836
228
745
941
231
651
94
727
753
376
827
114
973
481
880
81
123
389
909
930
847
294
569
143
364
373
636
17
488
611
8
602
671
275
693
555
279
636
158
464
699
455
993
326
933
96
180
200
249
559
648
468
668
546
993
944
921
85
395
715
687
513
385
521
63
383
554
403
387
508
896
684
693
338
243
647
648
199
845
680
260
885
979
622
384
364
445
447
77
965
10
984
844
760
967
941
122
881
82
788
129
571
445
417
900
78
31
634
606
607
373
367
470
726
367
117
279
929
574
985
15
737
649
685
565
912
569
690
66
255
798
712
362
386
410
396
821
495
259
492
28
354
496
590
376
490
311
206
224
524
469
190
396
95
465
163
29
202
36
34
692
997
969
975
787
288
533
538
376
777
298
355
747
949
181
743
301
705
898
396
885
50
467
9
926
994
922
928
851
926
848
630
249
273
815
261
778
321
143
754
955
274
354
493
642
329
765
679
913
380
85
741
813
252
369
963
152
923
745
478
555
891
856
675
993
157
615
102
496
727
453
698
334
79
139
800
859
933
548
883
914
476
167
925
277
133
322
701
85
578
371
125
152
341
272
248
110
520
196
362
155
933
255
270
875
657
452
740
259
870
383
195
343
493
15
771
885
25
818
124
924
264
443
541
536
872
576
995
491
435
369
87
763
935
699
437
850
883
567
322
762
450
72
568
490
855
560
775
189
872
939
142
30
826
496
846
419
623
296
399
117
581
902
853
708
798
676
345
932
875
4
695
520
226
95
657
779
955
941
456
925
204
931
80
142
715
727
496
767
532
717
919
458
216
28
720
140
414
557
268
380
470
2
951
451
632
939
192
58
592
637
87
502
87
235
402
275
320
492
595
580
127
445
428
984
96
254
369
148
270
332
182
49
794
473
225
319
145
504
988
545
923
753
875
139
730
93
936
104
980
505
168
647
585
255
86
359
963
679
133
86
726
19
811
54
539
359
414
838
913
753
246
629
471
795
541
93
613
799
49
714
120
78
304
573
267
24
493
968
115
898
860
517
601
628
692
698
458
120
453
60
773
365
112
78
398
149
381
251
610
433
119
25
377
904
338
842
688
923
830
342
761
19
399
940
380
887
52
181
510
134
566
280
94
920
824
573
931
296
688
346
15
489
564
558
355
983
373
369
867
645
484
593
491
374
676
170
314
106
145
684
623
466
658
233
517
61
470
842
729
827
119
512
116
469
723
515
480
584
568
927
681
325
875
347
533
745
449
849
372
36
372
847
354
958
849
440
304
958
459
927
935
751
88
665
339
614
822
17
74
20
968
858
817
209
911
101
767
920
93
972
691
446
988
208
164
245
784
271
263
144
748
926
742
264
762
732
879
358
382
944
642
967
753
451
355
876
355
657
375
10
572
86
329
682
854
748
725
542
352
576
567
778
147
791
421
13
714
52
145
260
975
947
185
619
593
382
105
433
425
18
631
185
585
339
899
7
238
296
463
404
209
233
827
390
401
487
46
956
381
721
934
230
930
901
287
236
672
189
147
949
36
331
832
994
413
526
897
48
632
794
88
872
688
841
955
309
616
685
170
583
542
592
109
155
554
423
629
585
820
94
534
179
461
817
46
83
147
430
313
55
425
1
907
329
731
663
92
766
453
62
392
781
226
553
788
715
866
29
849
743
225
937
410
665
462
539
429
107
849
854
293
35
152
380
375
263
573
409
230
680
978
143
779
580
293
597
597
169
575
121
691
61
609
555
755
117
43
156
627
877
957
72
812
858
452
847
519
769
126
100
925
800
261
969
935
539
460
872
745
354
726
139
46
724
732
882
680
492
177
34
191
848
809
138
422
530
593
255
753
44
627
696
711
496
356
301
509
168
502
665
243
964
950
521
992
767
192
994
369
799
594
451
771
964
903
685
75
48
189
619
49
102
411
412
613
445
781
562
135
926
992
174
751
910
489
440
942
168
31
884
56
269
7
944
776
959
845
128
390
999
660
792
308
765
286
677
557
126
66
739
462
210
943
710
505
72
546
548
733
350
177
567
968
609
118
177
6
616
139
584
958
874
70
885
535
819
487
385
314
681
448
4
180
732
194
382
323
185
145
145
170
709
844
716
30
270
627
85
124
562
727
579
767
715
280
597
830
367
853
175
438
846
1
214
93
250
394
797
214
589
169
785
103
182
291
747
504
668
686
286
261
123
5
669
287
730
952
368
761
797
10
160
257
614
629
519
523
979
291
651
80
893
379
218
309
340
645
30
235
190
127
641
283
92
933
243
515
849
592
216
187
674
468
234
376
97
231
431
185
785
795
69
934
677
441
508
552
486
678
128
803
355
707
928
481
398
93
707
144
694
454
874
109
820
798
218
470
966
388
328
260
716
440
935
236
211
594
19
480
668
242
922
276
130
299
154
361
193
141
632
221
622
450
302
432
472
128
900
649
673
622
317
936
176
326
814
631
670
143
78
220
737
5
0
850
665
237
7
361
848
65
264
598
477
143
522
660
800
988
812
720
580
403
624
985
308
851
370
392
680
718
208
238
498
61
856
993
332
407
800
77
238
551
137
74
68
162
581
329
860
715
246
735
360
752
562
711
84
808
856
202
260
198
107
716
750
901
151
961
299
718
828
950
239
165
343
999
882
984
247
96
460
957
382
782
123
115
493
818
499
894
889
223
11
240
508
12
726
67
251
306
52
379
264
654
542
251
113
422
833
503
729
424
909
158
4
949
489
271
468
246
729
526
807
166
753
957
480
62
644
191
998
702
831
593
218
737
454
564
89
912
799
238
582
598
292
624
82
8
882
844
534
207
156
225
852
168
764
218
100
798
423
995
847
876
292
521
221
970
435
667
607
402
981
114
591
352
845
415
938
802
957
540
75
703
677
464
735
735
725
225
249
472
272
226
262
301
92
813
312
61
205
87
400
553
577
150
50
299
718
183
892
625
661
711
579
827
698
188
216
254
260
717
786
143
671
856
856
971
722
342
94
733
490
267
328
966
994
670
494
264
349
43
799
880
768
357
724
8
349
237
171
30
573
348
925
214
93
89
589
154
585
393
62
14
158
358
863
763
304
333
968
595
240
423
987
69
473
173
462
695
497
668
399
82
635
359
578
480
676
601
457
250
345
278
766
458
738
51
330
789
229
720
197
736
745
453
968
86
147
169
327
525
173
211
152
369
728
780
576
20
28
564
239
270
681
407
550
968
199
217
979
698
228
862
618
492
536
906
590
732
828
656
748
177
559
16
225
346
820
59
244
416
610
865
891
399
471
7
912
772
880
109
822
733
744
997
779
110
272
197
422
392
819
697
281
603
231
909
250
451
225
140
238
843
288
596
35
596
502
316
157
141
783
943
682
810
460
255
151
406
760
877
478
522
938
323
212
748
54
635
337
130
971
584
575
118
229
689
528
505
109
26
580
260
298
575
208
921
947
619
518
398
195
920
276
543
502
863
860
617
63
445
42
863
910
823
452
903
581
169
183
129
812
473
994
626
382
72
998
199
58
152
707
349
828
95
971
659
156
869
775
217
452
327
568
115
909
225
825
873
538
950
705
587
487
149
446
940
238
628
606
966
709
569
955
546
769
903
535
143
683
408
398
995
52
162
339
43
608
620
143
380
25
930
50
707
145
867
824
694
577
181
404
794
25
304
267
383
329
525
109
149
208
765
43
211
421
958
488
472
773
133
765
563
740
288
555
49
78
948
457
171
648
766
396
738
877
378
36
96
218
115
389
460
601
272
734
949
317
897
305
697
112
427
359
352
994
162
620
694
855
109
634
793
589
723
407
646
838
833
202
77
637
329
746
102
556
557
810
902
440
200
223
776
5
200
10
77
601
175
974
643
562
275
234
391
603
557
106
426
994
800
274
224
360
673
706
798
169
651
428
121
491
522
454
158
708
685
258
104
537
388
523
741
8
21
904
410
797
489
457
203
246
71
480
176
764
181
231
512
464
939
195
20
612
237
255
34
599
202
161
247
377
904
894
975
542
867
564
235
68
60
466
232
67
351
583
405
713
304
532
189
305
60
982
784
46
469
456
816
540
729
342
885
103
614
298
826
652
188
862
414
872
570
508
328
255
280
248
460
305
276
599
691
815
446
742
246
782
197
398
358
103
187
750
521
516
405
281
227
216
669
965
151
896
548
730
176
537
129
950
516
626
427
679
7
488
503
525
876
543
893
913
890
337
647
289
168
830
353
2
644
825
362
942
578
394
54
217
968
991
578
355
364
659
863
512
504
253
379
84
862
350
133
851
594
661
325
159
774
27
497
249
738
857
822
998
559
152
309
877
424
103
37
498
372
953
944
741
27
880
254
559
370
607
511
299
355
708
290
936
669
221
40
185
560
32
126
3
27
649
121
645
392
347
718
449
734
204
573
379
919
896
90
732
334
800
137
226
289
379
88
780
939
753
627
169
35
89
696
144
331
266
924
966
647
392
729
47
844
210
560
190
164
232
455
976
201
727
990
360
92
463
782
408
594
531
799
936
279
8
166
685
587
323
810
346
234
277
372
60
588
906
325
219
763
456
130
653
859
584
732
979
352
484
247
326
630
956
535
800
588
170
292
421
703
926
13
70
34
694
318
67
382
637
654
683
474
610
668
802
557
235
338
939
499
338
555
409
810
231
342
369
44
628
77
928
359
560
662
385
347
2
717
639
790
509
406
666
909
354
166
818
443
939
769
698
286
781
876
30
187
377
348
396
976
634
942
736
129
121
187
141
191
759
835
751
130
972
831
643
107
893
90
315
953
313
225
550
289
489
383
482
670
385
411
300
944
488
73
153
700
405
765
123
679
804
461
47
957
68
510
274
235
509
476
662
434
167
561
772
827
68
332
855
332
956
663
338
336
43
150
536
336
863
570
632
166
848
547
706
900
513
191
735
430
267
837
197
886
437
728
660
294
824
525
717
265
820
640
154
994
26
291
787
151
501
968
504
699
185
212
225
758
988
548
780
402
560
963
424
537
940
409
594
378
738
345
117
595
18
480
642
346
238
492
283
635
490
230
835
35
666
21
866
584
549
941
297
752
544
303
941
859
54
468
343
992
879
784
735
339
994
969
926
637
186
620
127
441
477
23
547
17
647
109
785
405
994
584
941
598
868
178
445
392
80
34
998
64
17
93
176
844
524
427
166
450
638
83
871
515
892
853
589
830
59
451
731
466
384
427
32
163
123
638
599
456
965
938
427
849
908
639
658
1
682
211
348
225
74
630
455
285
774
369
216
653
465
114
36
551
434
941
545
442
283
246
553
618
173
612
166
635
947
13
240
495
95
991
983
184
489
500
407
322
802
225
157
303
811
416
309
127
211
969
443
603
707
759
985
804
482
589
727
862
812
144
769
600
110
37
873
286
612
548
611
948
785
922
359
166
399
944
477
486
358
873
431
340
746
414
574
946
44
366
995
21
931
910
94
733
357
52
10
787
745
46
33
489
304
482
201
951
731
780
822
143
623
840
969
222
623
722
74
297
152
988
428
737
379
507
86
507
589
815
574
269
188
702
866
141
892
448
773
408
732
893
291
994
124
84
598
207
714
190
340
130
71
365
511
952
424
418
996
92
717
988
841
539
101
483
100
686
495
793
96
528
915
777
557
724
4
269
852
55
934
676
440
557
908
101
331
129
42
111
268
211
375
905
994
609
9
209
949
631
343
71
198
255
351
866
467
256
234
500
861
800
983
652
132
485
715
766
141
32
548
590
518
960
969
317
386
991
736
867
706
314
39
541
870
922
341
823
882
707
60
749
7
157
544
266
266
84
389
372
685
360
310
412
120
658
615
222
930
915
140
847
775
659
764
786
364
412
557
319
179
187
848
539
522
843
67
12
368
108
30
605
272
519
391
818
849
848
330
849
779
356
876
248
569
505
284
243
139
947
398
270
415
43
276
558
66
423
990
949
351
52
191
260
691
435
133
914
826
824
243
519
431
297
713
899
625
966
300
660
779
681
502
531
786
329
654
563
133
501
606
276
148
52
750
682
724
253
357
203
596
159
12
172
935
269
432
400
181
122
726
423
596
125
70
214
378
131
734
99
397
22
729
136
166
975
602
290
214
669
286
415
825
701
282
692
260
315
573
134
713
167
803
91
789
343
205
429
846
485
832
604
653
775
361
86
656
431
350
403
46
956
594
469
99
653
861
435
289
621
344
894
795
761
745
674
615
967
835
896
505
859
863
850
108
208
499
57
564
3
895
380
3
173
729
846
527
678
370
355
408
191
220
362
379
819
808
436
87
597
727
786
436
872
643
884
250
365
419
560
85
524
223
171
768
967
521
229
397
727
515
648
249
631
843
658
455
758
249
198
165
515
554
351
868
924
911
615
243
463
288
208
333
517
655
651
453
700
255
861
989
206
923
145
509
141
621
911
620
540
827
60
125
782
221
622
987
624
809
436
264
87
467
457
779
175
98
682
621
482
690
859
66
854
673
679
807
965
802
566
329
149
970
82
23
262
284
232
865
680
943
565
327
50
986
8
774
898
653
966
960
780
675
564
242
895
507
43
270
60
247
730
498
576
764
250
849
393
56
719
982
209
890
263
984
835
419
153
616
525
311
998
488
652
458
461
577
903
530
496
893
817
32
957
287
153
533
453
719
879
62
125
621
376
787
916
715
732
940
239
829
231
188
410
781
666
978
371
234
303
667
253
509
733
347
36
727
553
785
505
429
882
321
862
987
576
3
142
284
807
523
327
490
795
481
763
189
491
812
239
40
738
283
697
97
901
69
66
210
642
282
883
909
217
902
507
759
633
961
267
118
437
118
662
669
366
497
650
121
706
235
153
815
757
520
593
334
294
554
703
308
387
793
33
290
776
175
326
537
494
360
963
267
612
35
317
206
758
352
617
266
791
162
19
580
792
120
729
826
412
892
639
11
761
895
547
106
582
746
357
151
995
257
94
84
241
8
311
697
478
689
18
79
346
544
216
772
306
794
380
956
904
56
962
390
348
913
782
722
944
913
38
21
656
799
273
421
769
627
109
469
112
565
214
22
217
411
791
470
64
148
590
359
845
746
414
490
822
334
47
874
567
442
560
713
690
979
61
201
668
634
194
384
102
922
54
436
921
848
595
677
854
500
783
356
794
433
802
339
508
832
118
359
921
225
160
404
682
480
79
969
136
864
940
359
447
379
271
44
958
380
14
836
753
790
780
973
193
713
719
406
348
730
728
431
546
381
511
174
286
693
776
27
461
357
70
54
197
788
505
802
773
827
998
712
58
499
376
611
766
542
70
235
624
369
65
113
275
274
259
25
332
132
885
224
84
163
186
197
26
767
345
221
389
886
417
880
375
839
157
657
821
76
235
467
986
210
639
181
30
747
219
657
542
118
385
683
350
326
98
971
286
984
134
647
800
60
442
779
174
871
979
799
276
458
682
601
337
627
523
526
646
865
609
39
488
681
354
102
692
49
854
333
665
116
112
810
884
338
733
873
999
167
74
641
595
47
989
239
65
325
769
560
219
823
497
257
605
832
233
9
148
914
324
174
898
124
72
582
23
293
798
564
487
258
966
979
146
179
969
802
888
662
810
989
980
10
44
925
610
566
971
630
341
557
60
124
473
925
86
168
486
769
687
627
942
738
924
173
983
645
423
571
259
597
888
505
221
361
314
930
966
373
627
692
704
403
43
660
666
486
994
451
517
786
184
367
192
785
11
665
483
82
371
313
813
65
271
414
145
302
200
318
627
550
845
863
946
543
960
965
215
310
835
916
572
729
516
648
173
225
861
759
786
536
167
696
636
450
560
872
705
784
376
848
381
37
300
553
674
40
697
311
363
282
63
133
313
680
946
657
457
731
794
32
393
560
728
191
319
650
976
66
403
181
785
214
225
765
959
813
750
751
699
791
421
774
401
624
706
801
893
593
1
48
697
223
116
198
547
768
329
631
290
144
519
333
350
965
116
736
458
593
919
166
583
929
809
947
463
132
423
461
772
993
175
846
315
433
625
323
852
800
646
683
548
847
875
574
252
182
568
497
800
120
502
652
80
122
790
886
139
494
975
451
578
710
603
134
649
91
428
424
967
821
527
756
154
908
292
106
602
998
721
402
181
987
843
823
102
421
331
14
532
280
856
518
371
981
662
233
741
201
201
414
741
824
93
97
613
618
251
94
460
752
654
584
359
18
211
102
850
846
268
402
388
83
663
775
50
245
135
37
957
406
718
340
685
312
217
205
219
438
722
146
722
584
896
120
432
779
101
821
903
543
889
406
989
814
313
516
972
555
776
897
782
405
707
673
254
925
43
60
203
984
91
48
281
133
787
456
471
234
825
782
949
171
723
460
72
325
814
829
657
86
895
315
512
744
664
430
860
651
666
616
647
635
394
871
625
851
55
888
132
365
940
743
838
867
937
268
502
173
871
790
697
624
849
555
861
125
449
546
539
271
538
739
496
812
350
67
885
337
955
527
375
20
518
85
580
855
689
756
437
318
926
134
805
534
237
725
317
700
159
346
675
875
385
10
997
188
152
224
866
565
910
631
644
568
913
185
240
659
4
791
427
108
130
837
954
394
806
373
347
130
482
322
393
803
248
908
520
697
788
606
173
780
810
947
12
585
814
51
368
0
742
389
211
146
793
484
891
840
288
664
763
803
268
521
807
31
589
570
463
591
427
165
849
583
892
192
587
118
249
134
386
7
352
738
275
991
432
936
165
963
321
515
79
455
989
227
691
901
462
928
501
323
428
888
158
148
4
23
656
558
468
76
69
820
5
455
493
242
962
55
904
423
788
658
18
403
965
254
224
447
974
432
173
608
163
820
457
49
387
986
116
121
669
721
434
482
641
450
739
709
15
477
837
236
172
393
760
546
944
629
761
953
333
848
466
387
346
708
873
202
898
804
32
460
7
829
876
329
986
61
909
944
516
572
746
938
982
889
874
315
450
827
949
834
780
456
991
577
929
948
446
144
158
279
475
948
750
12
165
133
195
156
75
570
30
401
927
404
604
57
367
193
853
162
767
995
80
334
768
649
461
374
949
75
733
115
157
760
83
944
556
301
192
939
186
529
774
947
426
579
544
632
608
116
198
50
552
646
277
977
149
953
96
454
741
370
22
300
627
152
648
804
898
780
918
574
467
452
441
894
895
151
89
611
381
454
301
720
317
903
877
437
895
583
564
863
800
921
362
557
819
566
707
266
720
947
298
846
757
546
865
162
392
477
327
705
917
36
568
454
774
374
226
709
806
840
886
459
29
256
480
361
548
891
821
931
655
348
962
983
674
288
573
172
895
588
377
453
865
436
668
787
522
789
962
816
12
96
115
751
157
801
627
76
733
466
119
130
109
942
21
75
804
333
736
438
487
957
570
216
950
951
909
203
506
227
759
345
212
368
253
994
28
535
260
420
426
738
990
11
851
50
745
505
858
396
48
670
629
620
216
134
433
547
188
506
765
176
369
993
325
241
345
20
956
570
412
929
822
932
286
250
24
351
295
917
911
717
532
340
602
981
840
230
170
192
146
302
937
778
239
279
170
147
887
774
844
380
240
333
828
481
932
448
418
886
257
173
480
629
1
873
82
304
905
155
951
718
184
591
787
948
900
409
340
111
828
445
411
77
703
556
140
780
71
168
105
744
663
946
986
762
514
427
851
214
588
537
680
121
767
82
811
31
839
346
489
953
973
862
319
609
383
375
564
701
275
148
685
688
902
188
774
123
95
973
241
650
990
940
477
586
442
287
573
388
749
747
899
379
125
509
798
117
985
779
905
494
816
572
823
228
766
186
565
670
969
53
368
691
265
864
461
609
973
664
924
971
315
565
570
572
733
168
444
403
153
141
678
371
952
884
566
445
81
406
44
60
744
569
262
258
34
214
65
337
860
779
314
83
21
857
909
228
352
239
524
191
350
50
256
235
356
588
889
83
970
574
387
548
540
449
798
356
997
7
513
198
429
140
158
186
613
989
203
755
941
244
31
891
59
269
463
216
782
754
899
678
484
424
942
741
431
106
930
207
850
566
680
61
649
389
435
115
728
380
988
991
265
538
596
925
721
298
640
179
831
222
749
561
655
906
403
658
88
970
243
371
370
489
710
986
40
931
139
757
809
656
480
629
322
157
614
673
992
584
443
328
342
854
21
740
760
407
549
384
292
261
921
437
700
731
935
351
169
822
236
763
481
582
494
99
893
264
71
903
766
936
595
241
830
685
44
479
854
123
547
892
482
730
444
901
145
894
587
63
267
91
587
791
813
101
557
990
245
387
928
138
589
235
805
787
939
29
41
359
711
76
251
152
634
264
808
202
893
676
679
209
483
51
712
378
765
132
403
671
786
314
747
931
709
932
400
490
595
267
696
673
508
701
255
18
182
575
463
145
268
936
997
476
454
357
697
487
705
213
363
58
22
42
325
437
693
174
802
583
197
96
308
412
142
166
202
288
199
265
224
889
146
917
964
375
695
756
458
57
750
284
533
71
78
603
885
55
333
149
45
698
134
721
622
106
228
316
473
741
910
179
678
402
987
162
53
633
309
367
191
82
768
633
26
934
143
104
761
582
748
323
316
465
247
534
48
968
357
458
646
117
472
817
910
895
26
467
149
472
943
88
660
99
435
72
7
641
901
650
3
287
96
103
560
625
496
572
479
610
887
647
376
488
479
298
374
988
932
637
146
159
935
964
361
763
798
226
662
34
401
433
26
928
921
151
165
276
351
204
341
20
398
414
90
212
59
31
381
659
740
648
763
323
906
963
0
699
34
397
523
769
143
695
388
670
155
187
902
978
587
393
534
890
977
376
464
649
631
459
706
896
709
646
565
493
993
791
336
515
673
745
800
139
113
705
765
875
942
522
622
762
194
672
303
810
750
630
308
265
855
278
611
617
345
810
507
552
681
216
990
79
446
345
152
411
144
917
84
802
684
93
886
809
789
322
723
75
56
428
73
943
556
820
237
836
799
153
722
735
901
303
739
707
474
296
654
958
767
777
507
382
312
605
160
879
667
870
456
744
698
504
253
623
454
52
715
624
589
757
223
112
823
537
712
657
138
154
454
659
575
241
904
870
189
253
158
144
732
669
794
640
284
662
428
465
204
537
243
329
122
750
863
686
140
384
660
649
587
942
135
930
871
955
830
303
577
498
767
397
863
200
891
823
646
785
724
711
966
260
417
596
771
695
444
396
60
762
335
516
858
113
439
342
793
973
351
336
202
760
124
342
757
402
117
665
856
268
417
437
299
561
524
644
452
390
104
447
952
168
604
421
53
975
247
636
51
936
202
170
989
179
4
171
441
166
822
772
268
673
139
239
260
923
719
237
796
890
255
446
636
469
958
768
799
434
149
872
614
795
488
433
64
19
84
163
899
107
640
45
852
530
348
989
121
578
142
579
268
532
441
476
751
539
11
546
302
87
128
34
419
949
775
125
300
419
222
64
154
876
979
457
138
2
729
870
533
989
907
345
139
851
594
371
929
600
170
390
181
781
541
960
318
193
305
468
224
296
246
590
117
450
680
432
741
970
675
193
670
511
975
80
649
658
730
661
700
733
380
442
812
750
768
987
992
149
525
54
125
145
291
511
906
506
4
179
88
353
925
738
944
855
123
710
229
470
863
527
819
580
793
779
273
125
726
565
312
783
982
406
186
468
207
774
326
402
349
691
621
942
623
879
768
120
359
379
766
633
953
633
689
924
549
981
349
733
219
118
723
830
522
889
934
43
958
132
951
915
857
692
102
30
165
186
680
273
202
812
899
725
568
806
929
417
840
239
16
370
38
664
546
888
913
580
593
724
872
752
845
508
628
631
995
307
882
667
758
473
119
499
155
158
854
751
26
169
658
182
0
568
618
14
824
167
983
292
237
664
611
579
969
525
432
320
461
201
805
441
61
195
329
656
17
933
101
302
242
264
432
869
802
213
31
695
581
571
250
58
22
294
384
20
812
112
273
316
498
208
588
339
268
397
209
563
563
188
854
553
9
814
179
523
780
566
136
353
559
352
103
131
654
393
754
743
774
773
958
892
202
340
494
654
381
46
979
906
570
80
110
715
38
886
688
617
966
811
352
587
665
782
984
271
796
875
81
708
214
313
231
626
804
138
246
143
206
343
765
514
783
48
380
865
648
240
797
878
437
884
45
192
681
980
213
933
555
721
982
318
11
21
416
660
505
748
157
279
276
765
955
735
554
235
348
284
291
438
730
632
283
920
104
959
538
352
150
976
899
932
964
113
486
460
960
491
419
410
314
179
196
759
434
713
592
159
570
26
313
500
131
69
961
682
216
870
164
293
590
621
87
533
305
236
796
961
759
694
134
455
560
85
952
70
330
571
401
694
633
116
582
78
151
355
961
327
386
709
141
418
660
996
112
562
358
226
544
839
180
74
48
381
2
927
982
406
721
870
394
678
217
447
995
263
184
729
726
221
900
132
210
951
853
889
367
603
869
320
138
181
659
676
873
643
533
710
38
284
793
158
528
15
975
436
350
260
401
113
827
679
659
536
294
10
99
763
728
789
768
823
398
657
297
147
916
693
622
959
772
285
977
363
423
994
201
784
556
352
360
532
490
438
311
395
110
213
626
934
212
949
386
435
52
627
634
875
425
666
315
555
210
908
721
853
199
501
306
514
22
107
830
458
136
496
419
544
221
837
806
506
427
876
517
305
743
714
127
648
85
12
104
556
769
229
969
496
488
380
735
734
510
62
11
185
360
900
458
275
615
105
922
644
457
162
62
185
10
330
855
127
659
939
151
487
684
827
528
59
243
880
191
726
945
267
943
280
301
369
905
415
255
357
259
887
519
330
665
656
785
514
482
832
778
619
600
327
341
572
832
553
60
127
286
386
967
446
362
681
670
921
521
241
690
732
356
742
30
49
814
657
630
944
852
713
162
27
215
998
419
113
103
600
134
956
800
752
976
178
115
850
801
588
114
100
128
10
811
945
613
295
488
252
401
997
672
875
184
780
196
68
831
849
692
339
633
275
41
652
245
875
114
515
128
74
812
541
874
462
245
28
230
771
344
345
175
641
317
37
667
367
75
82
950
228
407
52
154
381
598
309
214
279
779
278
882
379
668
136
278
436
935
701
526
878
183
362
435
122
24
127
639
722
105
647
282
53
167
755
919
580
702
992
822
817
351
618
244
130
633
911
584
11
816
402
676
640
7
205
559
176
625
471
562
647
822
502
812
246
428
320
382
256
861
347
468
167
844
125
13
164
232
589
111
127
874
562
773
483
89
752
893
942
39
827
784
445
536
560
13
579
992
590
410
972
557
545
481
992
749
595
446
188
361
737
616
259
486
392
877
401
293
946
79
688
607
0
730
938
539
83
961
298
126
935
197
851
551
286
135
841
438
457
396
195
459
917
937
716
427
843
957
694
172
893
752
383
277
225
596
840
898
261
736
370
144
430
924
377
119
218
813
245
263
237
29
720
892
142
726
997
569
430
742
471
44
944
864
575
307
527
554
941
502
617
147
573
923
788
125
697
650
485
188
393
188
228
456
955
775
770
482
534
298
409
142
921
119
598
135
584
848
736
922
100
19
585
641
209
447
206
475
992
391
31
125
482
863
282
673
314
248
391
658
53
346
44
454
937
51
197
314
946
52
882
572
330
209
159
817
56
120
474
494
295
303
199
756
53
321
531
19
453
958
169
940
636
406
66
805
966
768
646
483
957
53
656
510
972
439
330
696
679
774
826
968
677
954
999
637
305
895
992
115
378
640
334
45
407
548
306
465
456
807
242
799
626
975
165
827
112
346
929
23
511
14
722
304
232
526
455
496
701
798
680
856
294
9
725
732
991
667
902
265
407
499
411
934
604
646
439
435
989
13
312
536
575
82
68
801
192
925
357
221
722
275
241
47
451
174
461
28
746
445
916
966
969
670
942
602
920
120
959
12
647
74
137
441
922
704
874
502
418
66
897
55
958
997
256
874
142
489
444
349
770
746
202
419
799
415
162
732
181
731
223
516
83
458
166
962
674
247
774
113
639
23
688
776
378
479
698
417
704
622
570
511
114
897
911
109
390
268
58
812
766
259
331
472
430
623
79
847
491
968
687
686
784
413
511
672
538
155
487
844
855
186
406
130
386
610
609
98
22
448
878
452
533
73
627
797
660
423
960
405
789
475
68
561
251
874
200
464
302
755
676
129
532
525
384
353
271
298
277
75
546
822
229
847
955
129
774
769
313
934
109
240
233
483
43
461
877
157
649
558
678
446
456
962
435
431
937
14
975
280
153
309
468
556
15
139
9
977
33
505
122
786
837
512
483
319
497
61
804
227
902
412
747
280
510
378
427
793
591
921
711
639
285
931
456
631
581
923
487
888
759
478
979
372
45
64
640
329
73
868
387
429
468
282
989
23
376
784
165
777
286
935
12
576
726
663
150
877
107
639
444
454
133
794
464
854
198
608
953
401
959
138
9
597
781
222
222
636
651
577
389
345
709
854
815
371
893
446
950
184
630
330
845
929
606
587
11
430
889
154
704
300
178
208
835
336
426
494
950
416
38
899
123
605
268
492
767
521
55
325
881
202
585
90
360
676
328
235
896
284
764
652
759
277
170
172
793
579
13
243
683
762
125
400
531
27
92
661
173
122
264
739
878
365
169
286
861
570
568
979
2
160
226
960
237
147
615
336
862
270
951
254
34
24
743
649
716
71
896
916
288
680
104
791
81
926
72
31
354
724
317
599
700
287
607
846
886
239
460
504
923
691
652
311
702
413
646
112
645
958
219
624
470
9
527
898
640
758
391
315
663
812
493
391
679
419
908
335
271
23
944
922
84
452
472
413
294
808
26
450
524
347
635
432
187
125
846
570
784
507
774
193
552
124
338
871
303
851
215
895
632
986
387
878
891
263
906
203
697
163
317
739
380
172
392
388
527
215
960
887
538
774
863
739
433
744
382
968
508
849
163
304
914
903
294
901
224
316
726
60
672
224
825
320
545
978
126
386
873
437
523
791
536
420
544
929
581
821
363
982
931
882
928
263
642
934
185
10
950
877
42
914
132
592
209
681
119
451
190
818
671
92
783
894
957
721
111
183
78
751
171
138
5
206
148
280
887
490
870
654
908
919
937
120
726
732
548
52
793
549
410
696
808
586
708
284
862
646
110
676
942
489
973
160
542
6
773
55
661
627
680
562
855
535
357
747
862
136
797
13
157
24
419
614
963
630
712
24
259
687
620
95
754
675
383
160
437
130
499
249
6
453
926
452
566
365
939
837
585
630
519
42
551
707
978
791
753
640
323
438
371
104
865
294
565
814
696
498
10
751
154
567
997
821
485
983
647
186
598
159
591
988
258
295
508
314
298
828
149
657
810
41
560
689
42
983
314
438
666
955
183
554
930
180
954
756
442
163
710
139
547
565
932
89
783
4
365
74
265
432
969
865
845
628
806
163
747
126
780
779
147
505
352
780
0
82
175
505
790
951
569
734
381
349
816
945
625
682
632
444
264
939
816
184
503
550
499
883
565
272
806
653
689
882
461
61
960
346
178
134
419
524
435
941
385
150
475
511
207
854
471
406
113
718
817
176
725
54
444
15
541
639
434
588
903
118
41
88
278
553
701
485
488
613
813
153
927
413
663
222
829
838
374
966
761
642
499
478
160
969
940
997
44
893
907
160
755
381
461
117
826
6
764
349
736
458
770
994
33
30
130
880
864
949
853
937
919
728
821
114
946
300
209
926
896
100
140
860
113
630
347
324
326
639
325
503
235
61
789
397
125
189
984
582
726
826
80
280
638
308
532
201
326
521
514
135
19
753
340
833
151
208
300
618
90
984
99
58
558
555
7
723
316
547
524
40
732
160
706
582
201
402
875
534
697
112
110
880
444
680
185
806
548
667
672
832
50
813
881
931
320
890
572
797
599
426
536
898
71
443
464
204
816
528
95
293
723
584
386
482
703
9
769
408
781
934
71
424
724
608
252
202
276
53
394
236
310
528
890
981
723
581
795
475
162
878
835
555
777
510
339
258
695
942
981
165
950
250
211
363
152
327
867
795
646
705
335
228
949
416
248
444
17
276
251
201
997
496
360
754
746
103
34
234
638
664
7
844
273
828
155
824
457
44
265
289
303
996
507
711
869
668
584
382
953
184
77
630
942
970
90
552
517
872
902
870
245
317
347
846
156
962
762
162
130
438
712
819
206
657
243
585
131
915
647
905
631
356
218
649
5
351
887
364
917
582
881
116
542
935
763
819
448
821
594
217
515
640
288
408
239
228
695
568
316
548
5
214
469
272
644
467
729
542
52
913
791
140
568
560
639
975
432
434
330
502
44
330
71
669
868
360
975
574
564
335
685
612
164
557
886
112
748
245
738
332
306
22
443
609
850
109
928
233
923
426
777
184
116
452
899
706
770
54
610
634
626
118
573
568
581
536
867
509
936
230
568
935
373
917
614
812
225
803
143
855
111
684
28
998
749
559
144
175
276
894
895
735
860
25
428
265
150
267
913
638
560
161
942
268
647
275
428
196
51
468
644
747
622
737
895
872
310
840
308
42
925
956
609
483
399
682
649
425
613
472
497
667
662
32
767
401
549
163
696
487
419
532
899
341
774
413
917
920
409
35
152
647
14
580
828
687
572
85
477
731
337
132
370
47
317
110
601
703
660
596
310
360
933
794
803
337
772
88
389
925
295
311
975
389
462
761
680
514
618
995
17
964
613
524
535
322
438
610
305
409
980
984
842
401
580
352
610
383
36
562
851
0
868
848
518
563
333
928
770
812
511
887
641
165
268
168
998
973
857
393
685
379
63
199
639
362
401
543
940
301
654
529
525
321
195
203
524
415
735
281
586
885
78
152
128
584
984
536
407
124
163
749
957
977
915
989
886
159
732
843
126
417
233
494
73
555
377
539
993
898
738
96
886
817
338
176
41
441
655
563
868
225
914
245
108
219
976
345
380
273
224
854
692
643
333
476
974
215
983
970
541
622
337
931
79
818
172
338
502
245
782
815
982
830
185
907
325
505
552
590
947
718
177
253
719
215
167
958
334
184
737
960
219
180
581
577
862
676
856
76
153
667
655
285
673
936
925
883
183
816
105
654
844
324
544
288
488
641
903
76
654
810
677
749
717
101
483
669
696
916
979
290
941
27
551
688
233
274
120
313
58
365
420
891
943
466
531
323
715
631
748
227
478
829
322
910
670
152
837
269
73
69
34
136
43
411
218
694
456
234
65
622
67
412
292
109
379
779
786
468
51
127
235
426
54
171
352
285
185
171
826
700
716
366
207
823
982
697
898
806
286
926
810
995
203
658
960
820
269
87
72
254
288
215
587
314
24
646
61
690
982
571
706
971
375
187
816
243
541
123
67
747
57
5
327
572
648
429
232
45
694
505
804
436
626
375
152
68
968
65
266
966
725
201
444
907
917
607
887
942
883
807
772
585
910
815
624
69
638
815
777
888
588
394
511
445
685
380
993
271
916
567
895
842
344
140
670
94
314
981
894
786
438
131
811
809
197
716
34
721
8
335
216
471
831
958
919
520
895
930
235
273
925
348
544
623
116
666
131
737
545
58
53
598
806
586
79
657
133
815
679
692
184
681
507
738
738
72
367
227
385
973
276
551
944
523
82
909
992
852
734
78
577
711
447
607
311
928
590
335
75
29
660
703
727
236
819
113
955
196
547
321
550
640
79
208
191
16
193
594
342
472
936
550
65
146
876
841
512
687
692
294
49
547
526
583
566
198
384
814
268
532
762
923
962
806
57
545
861
511
695
208
593
110
863
465
286
371
416
923
351
38
486
608
247
474
569
210
139
537
389
914
255
639
542
100
143
678
143
47
230
276
555
748
895
105
446
94
5
744
948
523
923
12
317
848
726
585
887
802
423
398
939
613
765
732
819
78
437
555
101
754
633
989
781
847
790
802
510
248
663
92
564
844
934
50
69
194
899
569
153
982
847
173
25
662
845
461
657
620
299
161
237
34
203
402
140
386
724
463
617
888
57
180
899
416
933
596
712
287
627
118
364
204
996
682
692
232
539
70
557
967
152
258
29
155
155
850
83
984
531
141
649
717
171
230
77
222
70
478
360
111
310
36
57
608
87
504
459
942
47
361
173
166
282
207
592
211
142
68
593
507
430
643
571
607
116
51
618
582
349
483
290
372
202
992
44
129
507
564
403
514
586
680
141
459
818
931
587
253
552
571
9
755
475
79
510
665
470
532
850
589
244
607
576
217
305
558
89
662
687
726
925
305
708
829
780
617
11
201
701
246
815
673
618
574
941
692
295
239
772
809
904
599
131
584
317
477
866
559
775
409
663
88
320
743
641
39
880
529
427
95
275
148
555
660
735
400
115
740
330
298
382
192
448
338
510
402
677
930
922
505
354
573
50
392
244
67
717
800
893
443
730
543
565
851
591
750
268
588
460
170
838
856
675
503
705
301
936
622
593
736
735
983
72
561
792
585
647
861
357
164
783
730
812
385
640
731
319
785
237
246
798
641
529
588
977
927
751
712
954
208
959
391
688
634
806
484
529
530
427
630
504
481
254
648
846
438
929
364
699
975
931
579
43
263
511
835
294
499
178
328
561
615
461
523
790
128
4
139
241
625
53
38
195
780
762
630
224
888
670
817
46
103
951
845
732
286
980
480
325
74
357
845
709
144
227
20
959
451
418
620
511
459
265
954
904
167
787
26
51
603
993
278
622
33
721
102
738
369
68
725
456
859
674
856
500
230
126
338
201
304
119
783
903
398
98
556
308
266
834
536
216
647
210
24
782
15
60
539
163
965
935
208
413
673
709
502
561
343
65
382
117
623
786
941
377
245
30
106
934
826
611
893
649
844
639
547
497
289
457
272
309
932
355
151
55
989
0
498
655
514
51
778
669
407
537
411
514
92
139
356
999
798
607
301
190
583
714
134
707
899
560
310
915
793
728
574
546
61
118
182
361
93
756
243
955
64
769
995
324
512
561
161
979
476
351
668
605
14
923
66
14
367
413
448
390
242
236
590
610
736
162
226
839
460
194
405
768
396
96
749
616
536
125
862
136
480
381
313
231
361
432
397
777
836
284
965
372
483
954
317
988
172
454
94
802
84
803
162
682
658
127
964
588
378
531
498
584
164
367
156
123
459
206
469
928
438
698
557
913
178
334
429
802
724
185
158
801
597
827
366
618
346
299
939
979
861
131
91
21
276
584
689
815
574
448
383
638
578
108
468
986
552
66
995
595
845
721
564
407
621
39
933
909
975
786
672
994
81
81
280
52
298
861
825
989
112
599
890
663
34
225
77
983
994
192
269
113
8
930
789
173
763
868
632
656
181
741
586
890
929
157
688
953
738
856
412
568
379
585
725
775
695
387
984
302
418
553
132
259
366
589
761
28
776
363
633
923
565
997
506
217
203
533
583
625
206
813
564
1
983
813
550
306
207
599
639
605
311
27
665
194
741
277
903
992
201
843
68
869
914
696
211
179
169
720
280
707
260
425
217
470
395
767
270
756
821
253
731
87
377
472
575
469
774
616
963
562
79
212
238
835
413
798
554
203
117
258
825
477
58
66
773
861
571
567
895
895
730
947
369
857
493
608
748
773
2
234
762
457
276
749
270
942
874
467
84
520
752
760
868
437
526
975
518
214
732
263
886
447
821
199
860
876
480
848
25
314
895
436
475
924
277
794
891
288
520
80
564
652
318
472
64
460
844
893
339
503
413
896
469
275
747
68
624
42
461
282
24
382
424
291
287
610
979
386
627
967
744
941
923
647
970
517
797
177
698
544
969
499
914
548
363
380
196
536
115
502
763
71
67
302
839
773
603
888
839
204
834
125
508
674
831
171
414
887
460
626
246
582
31
486
47
430
425
862
980
918
91
363
880
392
975
251
87
523
43
640
794
337
868
238
881
882
621
921
968
785
116
305
625
950
891
133
192
924
617
576
241
649
757
257
919
207
977
587
978
519
70
373
393
223
47
364
177
636
989
975
317
540
431
895
114
775
729
953
189
132
506
154
725
395
651
869
902
693
244
598
75
650
617
789
366
817
662
571
966
694
408
477
341
306
305
237
562
371
13
993
552
120
666
207
101
49
400
930
18
311
671
916
219
260
603
852
462
988
440
442
940
510
550
932
998
630
270
348
225
24
515
635
962
108
505
389
388
310
196
526
218
315
560
748
622
432
450
323
130
647
916
412
635
911
549
247
516
3
473
97
445
371
872
432
161
913
664
913
383
413
635
660
92
32
780
730
750
948
468
673
91
148
431
230
500
458
188
455
383
755
687
454
220
744
750
932
968
65
106
403
789
451
388
730
151
668
225
599
810
337
891
116
403
307
459
442
126
738
559
713
703
185
680
533
182
292
419
834
808
520
568
390
915
996
277
710
872
427
236
77
323
86
623
512
481
463
403
840
797
696
989
273
219
744
864
742
400
20
526
143
289
38
672
916
912
997
903
406
901
402
651
666
544
447
538
785
587
808
850
672
167
197
247
84
998
992
489
312
73
290
88
818
108
106
582
30
194
684
726
297
224
411
481
457
845
432
520
566
940
902
788
267
985
788
76
230
671
748
872
500
233
514
314
934
352
757
265
946
823
915
372
556
990
181
849
196
526
86
398
338
974
900
663
668
159
682
921
43
253
314
576
746
3
196
589
946
432
280
835
843
913
37
161
1
395
206
737
26
958
598
851
904
838
863
621
664
714
525
717
189
603
757
822
992
354
803
217
649
201
893
228
150
840
77
109
954
138
781
916
820
191
83
123
845
857
186
800
48
956
797
342
926
545
113
764
790
947
145
190
330
458
884
95
955
116
50
327
569
239
255
38
91
929
821
241
670
454
258
456
20
766
12
387
884
745
515
8
187
228
314
695
348
229
316
547
683
259
165
625
982
746
309
980
68
514
576
817
150
409
693
181
667
724
412
321
83
403
375
887
417
768
838
567
848
735
98
515
996
548
854
638
123
773
107
290
724
968
630
606
659
919
711
139
349
900
766
431
233
35
504
896
239
143
607
561
493
727
40
23
853
553
602
268
865
416
923
764
923
581
592
954
933
555
700
84
147
606
869
36
640
521
694
236
147
252
638
35
677
960
363
237
447
669
242
195
740
787
789
481
255
202
559
17
282
76
68
414
685
827
671
246
500
305
627
636
307
587
44
18
438
109
252
981
311
755
517
622
40
825
883
390
157
356
216
471
348
100
24
585
154
718
639
558
832
829
636
137
681
183
878
580
585
290
794
752
653
537
436
987
65
383
820
876
808
390
57
4
265
958
930
855
142
842
778
91
362
158
347
568
774
804
22
712
772
358
534
354
839
836
777
323
650
159
46
676
500
865
968
387
865
523
112
392
735
651
608
757
723
199
597
227
753
327
504
284
162
651
306
933
21
696
668
451
711
561
953
780
459
447
310
10
31
473
186
474
562
669
379
211
349
929
839
395
743
731
856
324
588
352
923
894
964
63
585
854
727
443
385
965
758
817
584
966
603
72
437
527
446
387
801
365
241
523
24
932
176
153
730
749
738
395
132
934
730
990
226
448
495
110
925
769
11
276
620
489
420
101
17
591
664
965
281
630
11
699
284
947
955
758
366
902
586
32
144
133
413
456
727
549
513
179
178
182
275
487
583
33
969
393
429
572
522
59
119
153
828
11
330
969
123
944
661
720
265
134
385
167
380
702
464
704
906
135
14
720
662
147
953
231
143
355
137
227
379
429
404
609
107
148
301
766
817
732
605
59
264
469
971
116
435
659
820
12
419
332
378
293
389
150
577
991
508
8
913
297
625
11
854
61
723
211
427
793
483
919
395
896
825
982
309
691
119
660
880
233
421
86
87
774
955
982
596
544
387
649
808
449
80
393
180
933
546
138
251
88
504
964
829
532
383
332
701
280
410
592
753
129
241
695
642
474
889
989
36
185
499
54
694
962
637
225
882
493
74
750
5
579
856
39
761
361
723
949
975
881
231
183
538
800
745
314
34
580
848
945
710
390
936
517
162
160
771
756
645
443
767
459
136
999
155
155
469
533
613
99
822
913
65
311
44
780
826
55
781
440
406
954
299
82
355
316
373
49
238
407
96
185
225
980
305
870
765
735
9
220
661
307
113
367
575
267
484
657
452
402
630
766
677
290
122
485
49
899
314
34
68
796
461
788
990
794
71
453
808
355
358
82
547
133
670
331
431
877
292
817
613
313
779
45
790
919
78
138
127
500
168
279
212
734
835
502
644
392
627
809
362
424
587
472
895
941
876
713
558
205
309
758
423
115
200
565
761
763
972
573
709
70
921
441
595
229
981
898
40
697
790
681
114
576
122
184
167
67
850
699
326
624
631
298
452
822
647
29
645
777
216
644
736
529
68
855
990
380
216
245
386
499
915
376
733
748
296
564
920
132
174
775
445
320
85
575
23
206
827
906
146
950
790
937
680
256
908
862
639
165
907
497
892
619
678
106
389
983
369
920
14
174
913
341
682
785
581
381
904
956
399
789
258
452
873
634
746
48
38
627
978
150
267
93
286
43
982
529
675
448
181
346
902
364
860
50
53
151
350
94
169
442
921
451
767
448
787
561
554
216
610
125
252
692
588
626
738
362
28
817
420
945
529
961
971
162
745
563
20
659
993
3
142
676
797
978
902
585
295
335
200
131
296
652
187
490
473
296
252
592
710
783
87
338
5
774
335
589
63
807
723
551
119
542
251
130
198
234
620
345
980
258
13
999
699
65
267
531
499
699
877
805
654
765
950
443
701
684
130
6
835
450
610
329
64
581
222
238
210
417
519
720
366
752
509
267
313
246
717
393
456
450
468
572
244
566
727
34
70
121
488
90
743
321
858
802
238
504
451
818
340
118
172
394
298
165
84
256
878
76
785
424
252
8
860
922
694
183
708
64
310
147
577
920
971
514
324
986
278
632
353
802
25
835
538
751
362
610
248
965
23
724
817
131
442
502
757
891
556
331
695
452
514
571
500
110
362
78
975
817
747
379
443
815
144
140
306
520
202
774
799
352
641
610
921
276
436
322
122
316
346
796
554
936
297
914
630
127
552
778
792
848
569
402
230
165
162
328
983
190
262
540
314
237
400
724
607
614
801
763
828
731
293
509
207
548
619
644
178
822
488
602
2
947
797
995
813
265
730
177
570
227
485
767
659
15
310
715
477
180
24
586
59
379
988
690
639
132
932
83
523
421
151
789
407
802
350
155
885
660
53
521
97
680
444
506
755
169
290
69
464
711
260
951
651
628
373
575
679
812
16
77
449
115
305
151
164
739
700
722
547
77
545
405
796
152
157
527
455
531
407
975
381
927
789
775
371
623
760
894
970
32
885
87
744
301
962
986
885
994
97
906
968
220
39
474
540
661
403
494
536
189
278
240
961
502
503
269
918
807
149
293
236
479
512
242
787
981
401
306
938
270
885
666
640
601
391
428
594
26
188
928
609
344
162
318
635
170
872
915
167
848
65
735
333
532
129
567
147
320
342
12
526
851
214
272
461
497
967
602
422
92
149
909
873
148
615
640
402
540
736
225
565
494
562
938
806
886
739
520
957
725
325
355
553
161
306
836
409
660
7
96
66
149
988
237
356
0
326
659
139
748
131
680
890
524
516
841
524
595
117
831
753
285
248
72
176
337
529
402
157
94
137
234
972
218
686
953
289
317
277
676
855
756
524
152
406
837
110
980
652
74
339
20
660
320
423
62
845
228
317
795
659
367
379
396
586
376
954
768
186
881
93
91
341
638
252
350
957
975
907
591
602
470
356
564
116
197
629
835
210
282
883
242
219
119
800
185
12
686
322
729
70
702
712
76
772
805
490
880
599
264
691
209
688
706
903
891
205
396
704
388
590
692
298
284
20
671
446
388
27
455
187
125
858
821
460
469
337
138
80
558
761
431
173
342
194
473
976
681
169
291
566
332
494
210
505
471
795
161
921
58
843
785
291
391
698
28
718
100
796
223
276
66
647
239
556
779
488
282
738
976
488
500
904
15
475
11
206
19
857
332
786
177
577
812
659
511
137
708
902
70
617
522
418
361
907
149
734
256
846
894
589
986
665
417
381
315
641
604
2
973
529
781
725
942
99
945
877
663
604
448
803
670
452
230
771
941
108
586
43
287
70
5
505
799
908
2
699
550
400
207
138
856
173
963
336
455
68
734
4
897
450
690
988
521
378
7
249
295
513
663
933
809
960
877
475
681
495
171
186
928
164
425
496
730
642
452
570
901
859
993
559
72
620
441
15
113
844
272
164
687
94
54
754
691
47
502
170
99
412
413
322
419
512
241
136
653
559
895
226
277
415
465
253
781
246
194
231
567
352
615
600
820
819
610
222
436
693
99
431
501
761
424
265
853
799
396
461
705
447
338
480
117
617
894
859
901
87
475
224
118
417
121
481
319
673
365
728
424
130
820
858
807
567
380
177
739
594
119
741
754
804
994
665
419
421
752
804
20
495
412
397
535
224
3
409
649
515
662
173
661
322
1
601
434
623
876
54
300
52
52
440
956
61
67
422
257
376
880
399
259
546
363
974
127
327
609
161
558
735
246
688
253
45
547
856
356
124
961
19
984
875
359
158
244
217
812
960
735
417
737
971
289
795
461
2
927
380
11
996
661
49
146
144
356
855
889
815
781
438
602
35
135
991
296
838
394
450
40
664
215
749
847
841
319
932
863
319
824
750
800
379
992
12
510
874
406
318
34
605
127
958
70
5
512
569
408
257
412
431
434
744
101
126
130
959
793
292
355
780
414
398
897
277
185
435
141
177
564
770
632
373
164
369
69
918
200
657
691
283
9
702
557
691
207
909
722
980
426
123
534
711
78
664
37
144
685
631
14
246
987
163
168
859
754
395
778
956
168
79
661
887
441
422
193
973
763
209
995
895
750
354
847
15
282
135
19
554
91
92
491
209
423
611
239
826
221
663
839
283
423
981
674
803
126
863
378
847
340
27
538
27
803
297
972
249
714
573
384
888
560
846
42
112
914
111
338
542
712
557
483
120
291
441
840
760
436
457
497
539
591
699
168
612
685
215
954
953
408
777
788
281
930
757
799
624
617
894
915
248
792
617
440
387
440
769
201
718
955
634
124
354
902
449
508
109
352
936
986
995
286
442
763
53
190
272
666
884
625
249
938
533
751
837
15
590
988
212
148
21
743
250
552
749
502
301
410
458
139
771
82
781
356
123
697
72
480
271
49
405
848
754
879
815
76
246
616
967
777
819
216
942
810
120
246
437
403
49
328
745
594
961
205
937
907
16
806
546
568
815
929
513
932
716
641
445
112
378
999
448
416
432
35
220
467
443
104
361
333
368
378
501
973
631
700
61
764
921
249
823
706
508
250
821
809
799
57
458
819
539
68
801
113
295
345
878
552
901
521
912
233
804
30
915
201
64
960
402
726
346
901
607
420
488
98
301
460
796
726
879
558
150
200
41
225
46
911
510
461
437
165
33
565
720
426
281
480
338
184
607
770
602
114
422
764
659
908
196
813
283
530
454
812
852
241
620
470
265
889
811
545
41
650
239
801
442
377
816
918
998
10
74
684
600
353
352
344
874
50
708
496
940
416
101
611
578
273
586
242
37
764
394
266
941
675
178
271
959
442
590
816
542
484
328
383
503
664
961
288
705
888
63
793
527
540
324
843
506
197
853
650
152
63
195
69
481
740
887
636
317
874
367
580
560
466
953
546
975
756
627
877
981
605
253
77
74
74
681
683
472
979
595
226
632
347
371
691
398
814
281
10
772
792
912
52
375
815
423
817
144
649
801
8
819
152
93
951
108
936
85
782
615
709
858
472
7
87
438
401
213
982
165
614
519
512
884
431
295
532
691
950
114
928
624
783
604
92
629
75
166
364
28
78
179
668
469
585
13
385
410
810
206
65
434
583
478
96
266
279
944
631
547
420
792
106
360
544
579
387
579
681
395
917
912
125
620
394
301
769
570
845
711
978
703
698
267
52
639
185
541
929
644
451
884
63
78
168
69
6
880
334
673
505
251
356
963
645
489
601
949
258
96
945
5
514
756
260
217
168
976
592
688
909
684
860
310
403
329
605
779
986
550
522
29
335
488
761
892
768
0
803
720
686
731
453
625
523
783
22
98
11
460
952
87
824
309
363
465
589
394
200
537
673
501
849
843
321
198
735
220
618
914
807
260
902
974
709
545
964
94
406
298
871
359
115
982
312
900
246
883
944
424
309
756
259
975
518
975
194
472
923
762
902
790
415
318
204
358
99
219
492
138
313
938
693
225
107
961
910
952
425
831
192
77
78
793
71
77
754
714
344
898
350
836
487
768
242
83
326
516
337
59
638
617
552
384
997
491
334
27
15
2
821
734
11
91
265
705
115
890
225
412
83
466
345
849
749
766
665
483
863
727
145
299
183
886
990
408
66
724
104
951
905
310
735
828
676
411
583
674
270
2
419
426
809
28
212
573
981
68
133
822
578
775
990
859
559
515
474
439
755
731
616
843
570
457
72
552
112
751
201
781
187
191
874
440
813
851
952
460
593
492
351
365
965
406
842
519
835
236
156
801
176
212
962
250
706
994
652
935
24
81
841
256
71
805
65
341
922
678
696
605
153
873
640
328
374
69
964
346
53
182
893
721
365
365
792
586
994
675
538
116
231
722
966
515
673
838
92
488
385
53
90
319
839
280
942
128
109
703
509
445
710
670
927
699
779
568
145
871
906
105
384
365
89
188
324
590
691
276
932
73
328
969
8
687
939
508
579
636
766
923
109
295
339
424
118
484
752
456
958
949
680
741
233
43
345
276
380
634
214
791
576
330
781
223
648
685
523
699
556
523
496
286
492
857
242
813
713
26
893
743
737
409
275
433
128
68
433
128
360
18
261
431
770
985
301
795
192
538
495
516
508
772
627
243
50
730
432
982
611
304
486
860
275
308
791
898
997
19
165
192
429
940
864
936
417
385
195
126
26
191
364
978
584
916
889
734
761
521
757
193
461
321
177
861
979
854
178
818
829
601
212
988
5
720
973
253
547
495
954
703
999
967
240
228
934
374
502
622
464
184
57
708
638
615
115
519
709
71
326
709
129
216
776
977
563
219
746
686
349
448
649
402
74
774
783
959
708
126
523
399
652
470
580
109
937
550
556
831
842
554
942
174
934
427
55
558
871
928
88
892
342
31
939
966
9
763
461
667
935
576
160
756
996
110
188
680
724
916
323
684
21
414
648
650
864
190
106
843
916
461
422
918
204
76
592
735
647
916
6
332
527
193
326
958
837
855
644
867
571
869
223
863
677
919
314
544
660
230
95
148
488
590
456
604
947
793
588
792
428
486
115
928
103
795
559
411
145
244
957
515
408
274
300
326
286
549
280
641
749
584
802
647
836
506
197
316
24
350
360
652
203
353
825
380
824
168
661
253
829
744
591
142
218
238
614
736
192
855
729
664
965
210
573
615
115
716
167
891
875
552
443
891
148
899
687
593
654
212
397
208
270
852
335
492
143
962
535
309
129
441
954
470
521
323
500
750
34
840
133
81
950
222
519
809
194
888
912
968
143
34
808
25
860
650
688
149
346
870
766
11
475
260
187
941
219
291
685
387
271
374
437
438
658
890
324
950
454
757
822
837
856
896
498
394
610
750
490
279
46
632
318
237
579
791
847
131
99
952
204
698
873
909
229
456
12
858
779
693
259
820
254
416
325
51
488
891
963
225
896
152
114
522
786
805
51
745
330
78
431
307
449
212
37
298
167
593
570
17
970
528
311
887
423
356
478
829
976
452
334
257
196
270
793
317
731
417
542
803
710
547
27
478
2
415
889
323
688
6
469
477
553
987
298
671
453
679
972
234
782
786
46
701
302
446
578
611
821
107
9
969
348
935
712
992
529
706
217
662
800
20
754
351
280
1
894
365
55
386
917
418
782
636
268
414
737
81
620
772
113
998
909
530
453
894
152
57
559
990
360
996
24
693
472
507
208
222
231
234
659
969
616
186
950
24
877
93
812
381
959
141
871
645
687
966
811
605
883
571
224
421
142
759
496
590
569
303
621
756
932
374
21
334
838
918
496
951
784
586
671
390
426
869
382
665
889
444
432
481
310
694
114
601
693
499
287
337
550
341
953
255
474
342
71
460
521
999
555
893
176
879
728
56
255
636
700
256
650
227
279
930
785
318
414
717
431
609
349
497
736
694
727
780
778
141
717
614
72
129
793
90
659
322
285
302
619
960
505
243
842
113
172
862
314
732
395
295
596
382
383
176
741
860
264
848
470
276
147
444
878
670
754
204
4
930
340
983
916
439
337
602
75
401
955
182
185
308
837
309
442
4
978
7
309
207
310
52
23
453
473
654
204
966
256
785
872
499
969
989
464
863
180
346
147
710
440
944
157
119
572
118
105
440
449
487
581
336
339
207
580
717
532
634
794
943
399
639
877
635
392
668
818
43
544
47
319
298
583
74
669
981
187
230
275
775
550
368
152
662
483
2
445
552
985
522
739
470
844
591
770
454
933
865
833
460
229
757
48
843
933
978
362
575
562
54
86
328
839
2
827
632
146
632
150
859
265
290
874
674
375
991
309
86
826
269
99
388
291
595
424
900
605
233
264
657
297
589
448
374
116
317
496
134
875
820
197
49
343
692
487
942
439
561
304
19
438
154
188
495
85
280
797
395
915
946
629
417
158
270
745
594
557
406
398
416
335
721
933
366
178
555
517
831
170
594
67
206
387
347
733
902
639
119
706
194
315
275
83
338
131
540
103
645
842
412
670
873
2
329
154
816
661
873
651
73
703
806
357
133
595
668
311
991
719
316
857
702
131
452
369
817
403
280
832
357
357
671
103
168
915
461
606
168
627
507
425
686
183
833
342
722
781
500
908
526
368
411
451
297
589
406
558
519
503
811
685
350
473
33
661
952
684
315
86
968
436
394
541
513
412
248
784
751
610
569
584
406
20
237
371
782
867
175
620
800
123
620
517
511
734
995
640
738
398
543
456
725
89
743
863
662
277
75
351
732
692
558
84
330
706
848
311
972
294
25
691
461
98
189
356
496
299
198
664
588
96
541
978
711
725
92
786
587
903
799
692
471
135
620
45
137
845
826
174
64
948
915
853
821
959
382
442
545
997
897
132
1
844
116
68
396
572
996
921
265
537
907
969
512
740
263
567
429
172
643
861
807
0
752
886
603
481
628
793
288
445
207
269
678
672
627
681
776
237
349
510
215
729
491
102
10
685
748
651
745
63
816
314
541
398
747
191
921
228
863
808
377
976
460
348
669
897
7
237
740
87
952
898
822
828
891
564
689
799
352
205
688
296
549
669
825
764
501
91
700
693
424
123
514
938
960
59
84
268
766
47
350
894
86
334
62
18
445
894
844
622
366
21
140
407
206
848
343
874
787
134
18
904
361
829
697
891
451
203
150
301
717
352
239
122
468
916
805
910
225
781
41
732
83
153
259
772
505
441
461
210
310
877
996
673
817
445
9
795
984
37
384
405
310
855
701
684
674
76
949
704
68
127
621
874
401
313
435
662
480
228
838
119
381
777
813
391
492
169
974
959
925
794
689
482
425
787
675
724
525
832
110
397
539
678
210
375
245
150
855
207
450
232
298
710
99
116
616
771
798
616
282
314
83
633
546
645
294
488
938
151
343
944
72
398
764
497
524
284
802
155
337
819
525
96
345
909
484
740
189
821
322
582
327
340
123
122
430
226
91
16
355
691
485
57
404
276
352
918
446
97
914
45
746
341
901
439
523
900
212
338
413
953
647
677
987
819
402
412
364
29
524
724
101
747
205
894
848
758
620
926
682
596
15
762
27
694
649
955
372
322
516
742
832
922
615
170
924
183
442
25
746
550
311
11
611
884
653
835
826
455
882
866
670
402
312
88
623
578
719
492
340
291
781
208
88
289
434
999
659
193
826
164
387
411
325
648
977
236
977
506
66
454
912
272
792
134
213
914
167
638
998
905
406
758
803
333
669
598
236
890
617
807
817
619
81
831
524
208
622
145
227
325
29
203
958
887
198
446
278
356
980
631
158
227
559
174
16
614
995
438
487
945
928
513
995
733
56
115
293
493
328
566
582
274
290
638
20
388
267
980
336
879
833
818
255
260
515
232
605
53
281
661
880
490
294
562
408
732
867
984
331
81
100
830
950
675
686
59
167
586
433
91
882
970
240
947
322
949
854
15
754
12
217
569
105
492
857
509
21
580
310
176
498
484
737
452
535
384
13
338
726
975
93
5
118
835
296
490
579
60
544
603
627
924
753
315
574
496
52
193
517
338
240
711
629
49
42
674
813
908
312
669
122
588
298
465
558
346
605
977
707
648
434
891
71
412
175
698
554
308
887
185
844
778
834
665
617
771
164
111
271
505
421
817
670
615
702
327
363
384
508
487
605
93
396
806
365
618
702
150
628
906
527
170
902
974
253
504
136
957
536
581
792
890
213
644
938
16
14
830
59
406
986
285
867
778
23
987
642
788
375
624
550
154
354
499
958
131
926
485
848
652
839
383
702
846
421
273
988
776
101
746
279
35
433
225
216
339
391
431
27
147
140
202
294
153
593
295
588
291
517
38
3
63
142
261
452
467
364
619
702
332
599
235
292
118
545
512
969
240
367
93
57
278
202
378
502
158
150
629
26
467
639
363
436
781
199
283
433
214
564
979
308
319
510
789
519
406
387
792
284
857
902
95
272
523
349
207
142
527
329
782
936
953
319
493
268
293
813
310
864
424
43
545
736
879
124
540
280
928
412
515
875
119
246
306
729
71
514
424
549
622
80
951
846
220
817
360
513
336
754
585
59
482
26
537
92
49
776
145
499
35
824
118
976
3
460
77
891
454
373
455
769
908
755
70
293
71
773
143
515
626
655
278
55
972
743
260
425
876
501
678
295
687
608
692
86
761
832
468
757
500
325
860
365
80
183
113
869
984
20
768
823
949
39
702
46
253
974
149
224
832
437
469
403
863
519
833
957
799
221
188
357
832
508
929
444
776
685
645
760
345
350
674
556
700
194
500
498
992
323
216
960
189
499
303
997
208
394
236
925
985
415
749
21
782
465
334
259
368
276
402
491
78
637
862
149
273
260
104
678
760
101
922
744
196
702
634
179
251
509
197
379
689
425
359
969
218
136
454
193
463
124
944
243
837
409
575
118
758
107
695
506
839
450
216
989
818
780
170
929
66
990
120
251
102
354
912
776
1
656
301
984
960
998
229
68
15
774
777
834
717
792
142
964
701
976
674
698
194
753
436
929
705
603
90
828
793
249
446
493
113
402
576
811
705
99
961
662
349
398
868
460
693
950
301
547
592
226
404
961
593
726
366
50
2
625
108
5
33
586
871
607
684
524
234
80
710
774
195
756
977
621
126
539
410
775
614
104
494
189
591
610
253
804
542
624
723
883
335
623
422
7
107
417
855
691
749
754
345
301
17
513
81
3
434
85
45
839
885
354
69
787
125
454
899
407
262
609
814
112
615
741
727
573
325
938
559
173
90
24
564
217
555
796
33
153
489
173
367
620
229
461
589
743
370
564
602
169
964
523
473
362
673
38
632
890
478
550
448
489
793
177
534
143
263
158
884
529
725
391
834
63
425
363
843
30
112
566
160
298
157
42
146
816
662
257
483
470
173
554
435
314
63
930
720
366
326
765
110
845
342
132
925
817
531
679
391
416
978
973
926
826
879
906
649
215
206
910
290
984
136
673
563
481
177
390
756
124
797
131
389
389
537
839
136
783
847
708
598
878
421
172
912
867
422
90
389
311
639
784
514
897
578
615
257
101
687
615
176
488
381
848
750
103
102
210
835
235
223
937
473
662
123
992
768
586
416
317
703
29
774
206
946
733
375
786
526
525
509
177
916
693
870
809
539
282
152
546
592
515
533
566
206
145
223
218
946
502
513
250
529
363
340
908
708
13
570
43
779
222
387
265
660
783
458
588
413
483
541
707
497
621
347
31
602
208
552
948
304
28
85
138
425
356
981
516
711
978
926
275
149
810
766
550
224
309
28
763
300
601
301
701
396
634
74
872
700
98
959
228
108
598
47
574
303
646
322
606
628
787
296
295
312
47
852
830
495
291
427
947
626
444
152
640
965
216
435
106
364
251
58
865
767
867
780
668
432
847
463
310
354
51
570
163
486
348
240
561
487
734
860
379
157
767
385
94
201
128
222
707
863
155
244
760
953
20
783
973
184
434
17
965
740
276
180
325
748
21
990
73
858
462
365
479
956
109
367
611
899
221
778
376
164
189
837
963
904
706
828
660
947
79
564
357
665
325
762
792
518
369
434
58
941
434
53
132
210
204
441
672
773
551
809
104
639
927
312
704
965
700
683
567
365
873
568
14
995
729
962
748
547
290
641
829
522
197
401
705
297
383
193
854
724
100
670
407
926
988
96
851
603
827
157
133
928
883
904
35
510
858
659
873
473
295
245
116
278
853
204
116
3
260
544
34
574
976
966
264
757
196
496
914
989
751
27
687
653
811
341
439
538
867
811
629
329
840
485
116
678
844
262
503
910
678
234
345
164
373
959
72
325
63
996
289
664
569
349
755
383
857
667
799
863
46
97
183
237
511
549
495
761
895
497
942
727
287
923
656
302
966
249
118
774
351
24
602
942
10
14
66
736
689
713
265
940
548
995
808
50
632
601
282
245
269
191
110
35
949
99
65
417
576
278
578
929
605
743
591
306
649
983
303
154
866
267
388
638
979
297
184
727
376
657
737
853
436
114
161
970
975
594
520
791
366
790
291
433
105
718
97
278
147
499
910
13
452
735
716
416
181
830
532
324
44
404
225
877
767
767
471
148
626
894
631
376
835
508
661
560
838
975
760
913
303
447
586
910
946
282
504
868
13
634
381
458
851
797
152
719
58
735
419
365
167
840
460
245
601
679
64
560
499
609
432
542
953
796
463
381
136
328
433
546
125
259
466
251
492
214
287
672
936
925
498
950
520
967
379
989
723
572
509
468
684
627
991
985
561
678
160
475
618
705
676
781
906
113
402
5
244
70
957
556
736
394
258
941
943
378
524
687
437
845
353
155
966
953
344
839
408
689
34
833
70
693
964
70
236
520
931
19
720
717
425
111
75
13
200
530
93
118
843
696
488
270
213
735
854
46
401
234
132
773
168
101
549
216
634
411
727
822
966
387
99
73
424
197
471
146
465
622
544
260
835
457
986
102
849
776
569
319
789
63
337
965
445
521
929
824
74
143
724
606
746
303
283
480
652
317
646
433
532
886
103
272
902
108
614
221
29
959
151
224
590
170
559
287
215
531
650
162
943
9
426
177
803
994
112
163
167
789
908
867
292
512
292
326
347
309
643
800
410
745
206
679
286
731
708
185
940
587
117
630
531
142
806
240
878
294
921
339
987
505
771
315
223
540
543
108
155
175
574
874
606
593
597
313
701
395
756
421
561
407
19
574
140
333
635
144
942
762
918
385
225
304
740
191
341
936
519
15
167
396
937
467
431
574
869
980
946
127
282
813
309
735
23
809
195
211
867
373
452
569
63
251
994
638
523
250
519
610
955
626
207
157
486
200
911
710
672
504
796
299
739
707
802
741
465
754
822
595
127
75
743
954
636
681
250
3
371
374
618
679
965
881
767
319
970
278
151
989
342
335
945
608
759
951
794
563
643
9
764
348
687
362
239
186
582
825
876
287
483
674
802
547
943
335
646
930
742
263
973
124
569
265
236
988
865
848
756
254
98
800
547
665
288
34
766
80
478
282
192
483
408
235
846
221
419
289
754
537
185
128
348
371
915
776
845
721
637
969
230
729
196
842
688
659
787
640
6
309
745
337
567
549
872
767
786
790
248
557
482
998
651
465
280
965
856
692
440
283
660
172
212
235
353
195
628
316
631
930
737
475
362
457
31
538
7
603
486
736
62
777
218
823
340
893
838
349
840
638
63
405
493
338
975
10
255
618
340
773
13
16
131
248
875
781
691
262
346
703
233
944
683
335
649
701
6
317
574
965
1
659
47
623
287
601
468
734
374
196
330
36
998
558
554
512
476
956
730
215
364
898
223
414
57
410
788
760
610
354
406
776
590
955
949
793
297
561
990
491
482
426
944
210
45
735
574
623
720
573
995
674
425
473
394
537
521
799
493
831
117
842
32
979
500
335
222
354
61
338
208
629
180
116
42
306
943
404
164
707
81
233
826
299
579
840
207
468
419
779
940
575
127
503
637
340
315
404
65
313
854
441
749
150
298
559
410
298
657
29
803
189
296
274
515
670
858
132
881
408
307
678
293
3
761
78
409
41
742
0
60
765
506
949
265
759
831
221
982
499
415
193
796
815
426
450
956
451
996
219
352
346
982
367
925
724
207
178
871
628
183
792
182
186
990
721
160
196
382
439
420
648
926
669
31
140
870
449
913
940
306
640
487
378
50
485
178
469
962
948
126
711
477
249
655
125
46
16
583
286
497
337
900
496
2
190
535
270
882
661
822
88
321
896
217
550
253
469
288
416
801
274
580
689
483
547
805
534
289
852
56
214
887
590
441
54
66
830
325
9
902
441
325
495
264
632
41
145
264
824
876
300
587
604
537
850
551
984
946
702
614
197
538
126
439
296
451
662
599
346
543
24
344
679
235
248
16
229
847
700
565
175
146
687
672
618
369
552
992
588
966
541
405
992
892
11
868
653
488
252
979
777
4
748
146
117
230
110
987
544
124
124
385
564
660
121
271
804
343
440
769
606
273
616
851
624
326
577
928
655
740
609
773
883
823
645
479
643
565
850
756
127
549
217
583
435
701
530
533
527
638
444
28
29
815
589
116
881
822
646
427
814
925
598
698
564
196
789
749
507
6
18
704
826
176
158
366
765
322
72
257
518
265
256
63
219
395
15
950
578
709
302
674
360
701
394
218
66
464
807
326
602
788
99
8
604
63
834
739
347
681
742
598
840
156
261
912
726
384
162
732
718
214
141
11
955
521
541
182
121
596
700
255
152
897
385
220
396
223
255
527
777
366
276
555
287
127
569
525
760
80
687
165
617
222
47
97
705
588
847
884
919
832
237
257
159
754
657
754
645
280
552
367
188
982
848
771
154
61
41
217
165
415
343
362
875
785
449
444
931
577
908
985
822
771
734
668
93
254
152
4
264
847
332
447
61
956
429
90
933
67
504
982
253
276
418
100
927
45
54
330
457
894
53
436
758
876
590
570
587
825
219
498
48
406
817
750
658
234
465
125
279
640
226
537
545
893
568
577
39
192
729
679
424
558
440
947
551
795
789
743
851
306
310
617
495
337
227
497
493
660
776
473
39
220
144
715
468
61
945
880
27
504
772
441
608
364
97
441
132
191
566
540
941
838
476
335
745
208
888
896
606
315
719
573
325
377
299
998
268
679
439
666
559
831
566
642
212
132
298
510
869
330
21
56
724
569
658
752
549
208
594
330
711
296
355
464
727
776
367
218
784
379
121
54
327
700
851
770
57
212
695
723
986
24
384
162
258
987
755
116
957
195
251
748
886
160
736
298
523
307
882
806
671
699
42
773
19
528
549
129
866
86
130
850
824
103
248
56
900
772
43
654
813
986
445
852
807
762
294
361
25
552
569
734
693
869
223
822
515
538
743
394
338
145
319
652
516
202
917
731
950
103
581
28
404
344
82
362
305
889
361
840
497
987
698
585
803
85
669
110
271
39
391
712
633
910
863
790
68
531
963
604
18
107
835
64
328
618
690
994
569
656
589
592
561
449
850
657
724
696
576
675
604
998
240
629
492
203
234
690
648
401
631
28
485
1
202
918
169
448
156
825
189
567
243
48
73
431
925
144
62
115
877
135
844
720
690
45
522
908
712
249
497
741
834
619
412
128
112
936
556
490
35
675
207
530
522
826
314
438
372
518
679
312
349
319
88
80
827
128
108
527
328
604
16
540
467
248
849
590
71
56
601
544
986
545
556
734
554
138
205
989
745
458
125
268
858
193
872
329
447
293
35
507
681
650
665
331
195
959
312
970
692
904
519
722
466
101
229
269
287
505
900
942
807
62
925
222
592
61
65
781
216
3
169
489
788
378
800
937
758
150
963
174
596
24
84
365
975
890
381
26
890
347
980
998
532
239
17
609
308
879
573
401
608
450
208
234
649
44
445
476
688
166
425
784
850
304
486
17
536
361
671
698
372
575
582
492
68
335
306
484
628
17
165
449
131
601
564
891
152
16
512
765
682
251
705
56
807
207
638
106
502
782
41
793
254
330
507
632
566
181
767
571
159
447
166
131
291
474
982
312
454
831
367
76
832
794
115
600
8
79
586
960
446
687
560
304
746
589
739
423
984
323
633
286
242
355
972
173
822
649
745
489
266
15
357
35
310
565
652
203
271
553
351
25
308
260
384
342
741
542
635
107
540
567
572
752
745
228
514
169
399
876
13
624
415
385
172
56
932
248
309
546
22
262
231
464
934
409
9
624
173
707
396
555
867
622
150
203
320
538
343
621
348
313
795
513
68
42
416
950
146
962
178
929
586
29
671
919
727
73
769
127
942
194
8
146
513
21
931
66
396
820
530
10
209
368
972
469
333
953
620
941
456
983
366
861
290
664
461
820
893
5
81
832
500
301
568
763
782
573
41
620
470
975
299
137
66
143
355
813
799
768
77
970
791
129
160
923
84
779
919
674
390
629
623
648
482
616
495
600
25
525
998
895
599
377
757
909
265
211
309
896
848
191
94
384
41
614
331
760
594
431
931
788
736
428
513
313
747
851
223
650
842
52
921
521
921
303
770
392
867
157
921
542
367
472
241
411
842
967
98
521
246
962
408
293
896
400
616
460
862
940
94
772
292
19
477
839
581
723
212
103
344
157
15
876
756
563
936
135
486
889
607
639
764
63
630
957
626
437
350
914
473
993
326
649
642
753
764
146
416
472
469
682
449
499
189
612
807
920
268
931
880
771
335
555
717
20
781
163
532
114
463
779
819
258
352
631
525
219
80
917
718
213
998
309
863
884
830
915
523
508
255
29
367
904
654
537
640
661
907
208
73
896
173
732
811
853
47
421
868
691
770
272
722
38
277
585
687
350
679
98
982
706
883
885
233
360
160
30
232
747
758
581
391
452
854
445
104
500
97
916
969
193
393
810
849
859
174
590
401
133
654
504
472
149
929
808
3
346
402
350
850
83
645
223
999
831
238
30
504
515
962
284
725
102
661
791
407
336
610
503
996
399
329
152
827
48
278
153
977
661
839
661
379
373
986
9
793
549
760
446
691
417
919
778
359
786
996
814
801
575
493
339
318
549
647
528
235
864
65
216
9
171
23
8
613
620
486
220
943
565
274
855
718
858
507
645
311
316
445
902
226
536
60
732
755
392
581
118
396
314
222
90
800
504
421
766
835
196
363
108
800
321
709
876
518
472
811
226
120
826
967
232
347
312
399
617
373
181
966
281
221
582
640
660
150
86
992
92
952
485
111
483
457
174
278
766
375
956
972
395
108
205
460
249
768
968
593
968
395
465
706
900
596
16
614
231
639
284
230
951
788
463
924
897
565
897
762
482
823
848
895
548
195
298
627
969
318
575
901
313
615
570
629
939
181
588
434
645
857
671
929
325
811
316
863
908
489
89
57
690
878
929
398
808
449
240
676
202
327
740
254
875
804
576
569
848
600
12
873
910
402
436
619
242
782
972
752
153
545
165
975
473
284
910
20
921
423
980
128
34
212
304
383
33
159
959
623
9
503
582
41
826
895
325
391
163
271
722
515
242
372
340
326
878
340
717
851
349
935
52
366
940
559
315
2
765
694
26
106
485
662
135
25
991
216
12
844
346
217
272
838
556
53
835
531
143
470
263
763
356
789
615
792
906
298
468
838
375
104
928
418
430
845
259
808
302
919
724
466
465
521
50
90
674
564
236
128
569
883
11
686
145
698
39
476
663
209
464
483
346
811
987
756
203
256
418
894
977
454
257
387
646
700
284
753
483
72
188
284
109
60
579
942
106
368
417
601
59
506
128
656
909
954
221
990
131
265
951
401
812
233
347
152
206
130
46
199
41
374
301
671
280
403
127
238
447
545
420
609
661
711
91
604
251
890
610
42
57
66
296
639
135
337
628
786
296
338
1
895
800
847
129
397
110
497
644
140
997
873
52
613
121
8
213
398
321
69
667
339
822
314
737
630
158
671
212
39
297
585
271
8
841
340
763
252
598
786
546
720
161
8
802
844
759
319
210
664
65
821
593
802
691
20
637
956
961
716
220
995
361
455
494
997
314
557
62
420
618
834
901
396
617
751
887
645
792
864
140
293
498
427
943
93
837
252
200
413
650
39
598
634
747
240
489
104
180
889
567
189
63
408
157
165
262
882
95
216
494
25
187
305
569
589
404
698
534
430
930
208
846
614
570
660
362
45
141
967
89
228
276
974
497
315
972
311
285
625
121
238
50
10
108
997
624
733
557
129
162
530
468
778
955
803
825
693
990
501
138
81
421
933
698
298
651
384
561
929
280
651
777
904
239
774
814
856
166
766
537
91
542
21
219
794
801
125
456
284
464
634
512
290
814
234
653
277
260
10
775
539
844
436
576
599
805
503
953
340
5
740
936
141
775
852
892
609
307
877
281
414
491
522
832
330
662
619
333
95
266
79
84
62
269
690
191
280
343
947
37
915
112
117
923
506
340
618
828
465
794
434
508
346
718
572
71
276
991
510
447
874
216
540
204
114
761
556
832
984
29
531
142
709
468
881
55
322
282
512
799
654
359
210
935
229
944
661
450
277
175
491
656
247
125
62
977
915
406
86
307
344
281
57
600
679
968
54
965
982
513
784
751
439
631
388
490
873
890
659
884
164
59
639
196
724
746
163
511
838
557
70
68
765
65
528
167
355
909
317
848
503
138
682
16
511
644
535
831
899
294
406
126
18
831
772
896
578
158
45
760
374
348
4
915
82
736
3
575
979
272
864
406
748
890
333
858
921
594
207
639
553
253
284
756
316
978
225
611
672
814
544
459
927
264
807
466
247
304
227
731
881
18
204
41
588
173
964
98
761
809
683
265
405
728
552
83
955
976
336
801
810
784
936
515
678
219
363
931
924
948
565
157
919
307
534
514
50
350
356
994
0
120
803
566
815
899
975
824
917
148
41
251
341
304
759
700
276
602
123
562
466
19
123
855
510
734
897
15
850
52
389
395
16
788
523
548
50
243
898
478
684
585
626
678
592
139
138
742
411
439
760
271
714
389
148
660
475
104
297
227
845
904
728
794
852
881
771
496
135
825
680
801
318
919
127
571
48
517
898
955
159
582
287
515
350
522
232
343
708
754
813
676
868
547
603
335
417
555
314
5
170
500
958
815
836
837
735
305
791
638
663
114
518
120
660
718
252
421
128
143
652
209
566
967
529
705
987
894
897
446
251
692
127
952
882
66
521
183
282
213
753
446
860
431
14
996
967
738
959
984
409
284
162
330
870
992
229
228
167
837
529
452
794
190
701
574
546
124
425
463
863
339
664
645
381
950
31
241
427
347
230
306
171
770
205
671
159
324
109
303
612
941
229
23
358
26
54
761
475
989
177
545
400
52
844
607
344
191
63
727
444
0
610
653
897
751
313
835
843
469
779
401
191
686
344
536
681
615
91
605
978
462
920
933
339
856
283
112
367
415
55
423
405
607
296
664
742
964
390
494
84
24
79
267
661
536
596
156
590
266
149
608
42
890
740
64
469
460
51
931
47
951
460
721
330
419
703
75
184
495
41
115
99
192
373
112
387
110
317
909
542
842
73
49
240
545
899
60
445
391
655
194
973
64
995
775
574
413
286
925
792
742
110
484
906
65
967
349
234
406
792
867
771
730
957
464
994
501
670
391
741
49
302
424
187
634
591
795
572
163
613
953
697
278
213
867
838
240
88
548
619
513
637
148
458
790
820
724
377
488
745
951
946
9
331
956
981
607
115
927
706
699
78
100
408
103
884
177
531
809
993
599
335
945
285
360
591
357
631
248
998
932
6
650
68
937
739
690
743
241
735
920
266
705
914
583
23
477
828
560
698
536
205
624
854
804
458
122
283
455
726
17
888
867
624
305
651
546
815
988
288
648
258
202
382
363
547
12
999
459
987
751
46
465
280
628
12
716
74
175
632
249
916
695
877
209
537
826
379
548
432
586
3
938
125
928
301
240
978
442
773
697
759
833
327
672
385
975
649
366
7
412
109
615
953
230
121
758
431
115
295
651
641
561
920
196
353
650
601
869
781
441
388
603
721
902
680
235
849
596
714
797
315
187
835
452
243
208
371
409
964
686
8
770
856
753
411
165
660
506
297
999
17
921
256
508
755
879
146
203
823
972
330
857
604
663
392
723
929
660
688
241
762
470
641
473
569
262
826
584
507
770
429
674
665
963
367
498
168
254
874
249
83
271
845
21
768
611
111
381
805
581
540
379
171
253
673
343
762
621
313
690
591
807
817
847
664
68
129
774
872
629
796
137
174
281
180
447
704
757
852
260
803
618
783
681
299
756
127
801
262
103
927
814
643
544
912
371
696
198
458
86
190
281
339
376
381
333
846
784
468
978
746
272
20
424
205
235
515
452
747
653
31
68
661
253
536
809
582
594
178
254
444
535
380
140
396
601
263
482
407
57
750
878
550
910
496
692
642
790
373
781
530
77
534
616
456
558
894
936
135
229
166
939
364
192
879
404
548
260
788
814
820
19
112
696
909
800
243
775
74
648
621
977
989
214
301
358
946
823
747
994
894
908
307
656
386
489
156
771
751
695
366
470
290
463
815
962
903
57
165
75
253
441
139
113
883
198
820
654
146
189
371
596
659
903
78
460
823
182
572
142
117
107
674
368
444
971
338
784
212
41
303
938
485
505
21
907
895
483
76
899
979
16
339
72
167
699
85
257
39
683
194
853
994
679
739
721
226
599
50
778
540
82
263
75
82
326
215
817
543
470
950
705
579
368
932
240
719
472
961
773
41
936
37
770
952
950
551
750
352
66
781
895
451
722
385
778
56
659
747
201
646
530
431
28
958
703
378
695
156
7
80
224
423
781
466
535
283
287
309
542
524
391
65
566
156
157
961
421
435
16
396
398
704
567
833
749
105
885
249
836
53
69
899
761
658
937
288
822
213
172
330
865
955
960
815
481
506
95
460
800
676
815
89
677
424
850
34
840
357
815
97
22
795
689
656
267
218
116
130
697
307
386
61
495
821
218
931
140
797
281
84
187
561
905
560
772
131
484
578
468
335
930
722
500
494
534
317
892
627
358
644
858
323
662
658
785
484
685
767
629
757
998
118
896
701
518
64
400
754
523
495
929
64
420
379
576
651
263
645
344
840
75
571
710
555
203
883
386
37
619
626
987
115
381
425
434
841
452
738
879
627
435
47
7
954
762
238
246
510
682
82
385
161
32
131
641
934
866
582
628
504
930
543
352
933
259
119
622
765
231
754
935
969
222
230
338
288
656
566
464
583
632
382
880
462
455
427
514
247
186
896
275
269
343
334
615
846
200
986
379
339
75
539
475
820
332
110
425
888
32
948
8
805
800
628
819
315
865
898
316
821
835
458
383
378
505
452
386
196
640
266
419
267
639
27
530
323
186
346
247
135
924
331
545
387
945
684
875
546
162
1
478
229
199
310
490
240
362
61
348
589
730
693
497
468
493
137
666
560
263
292
28
3
482
426
253
125
144
213
593
440
996
574
46
123
106
980
56
754
916
418
678
484
255
902
991
369
805
298
30
368
157
380
709
199
96
240
677
584
108
970
67
906
555
526
260
600
667
517
591
642
56
537
466
789
667
348
933
855
788
519
650
14
440
26
573
595
344
394
123
171
210
854
141
217
595
776
615
875
940
778
363
493
424
53
43
873
669
742
740
409
375
314
719
945
737
145
469
449
410
308
819
646
521
68
117
625
165
320
458
545
9
34
130
790
235
199
967
219
928
475
482
444
919
615
811
93
734
560
992
722
551
267
113
378
328
503
35
717
667
688
195
177
715
3
878
865
412
963
361
18
75
929
346
487
153
168
76
477
741
262
876
998
993
347
767
503
430
200
117
674
292
753
916
430
225
243
919
49
497
884
266
705
126
750
995
223
965
217
132
62
269
708
807
184
134
42
219
410
237
23
776
681
752
706
546
848
48
332
277
260
283
444
356
743
664
490
963
826
559
504
239
609
234
144
993
586
762
678
720
332
257
918
854
646
333
975
57
447
78
285
754
179
813
779
482
674
295
286
431
458
849
756
124
832
340
191
613
657
820
843
12
911
524
309
251
735
696
952
716
407
203
58
879
747
122
567
60
404
271
18
662
57
481
314
207
554
430
452
354
122
210
193
354
81
803
887
939
526
632
397
208
656
645
653
197
401
879
876
945
440
932
504
96
918
512
433
798
411
604
616
138
788
357
553
101
604
272
175
7
315
63
719
522
967
983
616
122
887
529
500
67
929
696
941
345
853
910
839
771
881
433
841
98
578
10
712
528
145
369
485
579
54
744
783
217
935
951
968
285
21
981
410
701
662
997
774
425
434
853
790
890
274
88
594
245
820
977
216
204
689
166
701
358
353
376
404
435
539
70
180
750
713
169
307
864
783
609
369
594
468
858
852
473
635
648
64
174
653
129
904
12
72
483
107
711
97
566
414
942
876
559
663
534
540
623
580
212
189
842
313
145
1
429
263
433
171
423
672
874
804
564
403
668
456
400
947
884
296
968
331
875
590
448
853
638
979
545
394
161
711
966
684
979
556
947
356
187
166
200
143
326
567
566
903
869
438
765
61
666
248
71
954
750
312
956
602
628
328
316
180
291
599
741
705
630
786
760
901
707
580
776
920
994
387
24
629
591
121
800
791
340
501
27
663
332
485
679
547
638
122
153
614
184
308
224
752
747
886
664
76
930
797
679
667
174
659
795
891
454
819
853
445
873
993
674
745
564
850
497
716
534
874
209
228
671
172
282
57
573
379
285
911
689
79
360
248
177
511
41
349
240
686
105
448
398
309
541
726
929
533
324
942
402
35
701
165
611
301
284
850
339
329
475
993
934
929
867
968
325
620
270
960
871
123
879
120
157
588
482
592
821
92
802
355
116
242
596
181
997
388
211
210
625
951
524
647
379
80
778
153
700
204
919
92
998
227
676
659
919
932
705
529
544
219
196
891
760
481
275
758
59
195
722
678
472
339
323
538
591
545
4
76
289
189
359
649
324
257
449
49
512
876
586
370
588
582
804
190
405
33
522
242
633
606
402
795
987
457
109
528
640
290
937
884
937
462
511
798
643
611
915
436
240
875
329
973
994
832
715
380
963
41
378
926
205
946
626
744
891
982
697
349
329
251
908
703
552
265
861
246
368
419
446
642
477
952
634
282
253
499
360
422
95
744
0
411
440
793
336
636
905
641
809
358
986
736
64
555
730
974
500
461
23
189
66
859
880
211
982
382
678
94
254
576
789
707
713
174
939
576
281
152
559
180
751
149
131
425
715
551
851
70
972
987
35
360
23
764
489
895
519
575
131
250
54
99
763
128
674
959
221
635
709
234
917
834
316
252
19
368
411
915
969
591
926
203
950
37
663
235
993
377
326
282
225
248
839
950
405
32
461
920
16
781
920
375
132
636
954
486
95
542
516
175
415
820
70
856
780
450
780
638
9
871
63
745
86
587
116
400
638
692
692
608
598
380
384
105
820
315
96
295
667
839
699
190
376
49
396
640
191
776
633
780
63
1
544
339
229
179
150
539
7
444
806
55
278
593
237
178
864
439
542
470
233
688
4
991
158
349
118
579
548
624
457
201
929
293
854
447
812
367
791
677
19
286
252
388
758
327
11
166
675
875
383
789
682
878
102
193
418
390
325
650
432
765
376
503
989
176
755
722
354
881
729
748
808
138
673
263
363
604
23
135
44
353
383
908
912
472
0
669
410
102
370
290
846
723
358
811
604
114
82
865
245
338
766
22
700
571
547
116
862
988
879
220
333
105
37
247
670
615
896
64
454
203
104
611
447
109
253
230
395
321
423
436
975
552
639
740
337
445
459
553
389
296
626
194
440
845
150
108
542
925
113
870
918
767
526
521
773
313
245
39
474
765
375
738
610
152
607
867
286
69
319
862
287
331
627
371
84
237
470
564
913
773
713
439
205
696
426
600
504
493
55
258
219
713
28
333
346
949
408
540
239
846
248
601
968
593
416
351
147
479
23
560
332
340
573
898
962
911
308
257
975
5
492
77
274
415
414
705
983
295
533
820
231
269
308
270
728
530
664
1
87
576
38
486
706
777
895
410
598
301
142
928
856
924
658
493
988
605
950
438
21
115
20
469
784
303
877
281
300
832
861
381
97
91
763
423
974
297
884
58
661
640
420
719
632
217
535
829
17
593
656
96
640
519
181
572
327
157
874
456
443
652
47
663
724
535
180
648
944
200
288
129
321
695
509
379
346
908
8
975
902
919
695
165
