184
871
823
6
816
974
215
108
632
381
660
719
990
746
281
138
665
992
92
447
487
281
445
899
989
170
239
813
553
425
526
339
884
188
217
646
670
856
612
196
884
662
519
333
650
147
411
925
632
471
422
537
288
710
699
299
937
19
626
115
731
187
612
287
740
995
675
298
883
931
57
562
190
102
745
493
72
898
801
349
292
807
797
794
733
122
151
507
950
120
378
605
746
258
114
903
426
759
116
451
120
965
916
928
752
577
65
905
888
84
955
84
45
110
122
345
454
451
239
471
829
482
526
40
401
267
338
797
431
543
605
179
967
763
712
150
809
857
200
946
134
57
117
182
891
281
239
589
323
553
613
559
347
158
936
72
724
772
635
624
283
341
728
936
198
276
714
797
175
597
891
550
708
205
674
589
344
132
48
679
275
278
346
664
296
912
77
547
444
44
43
564
930
793
389
403
143
27
404
959
737
120
464
823
829
229
2
938
981
383
766
288
208
360
684
756
951
112
324
975
663
844
456
888
322
157
534
834
556
779
993
353
613
66
731
786
303
917
166
440
196
904
114
583
765
918
375
931
438
566
831
825
770
563
4
990
244
90
25
184
939
838
726
512
405
103
368
792
83
927
205
880
577
611
340
593
799
904
62
91
524
302
54
612
715
146
213
95
681
578
645
992
95
501
495
128
316
396
153
252
276
416
812
600
679
160
210
303
418
205
468
149
145
829
401
444
682
461
114
773
626
841
433
519
106
527
762
405
910
833
387
227
69
939
892
912
44
568
475
714
40
737
394
313
406
763
512
631
800
772
128
504
761
347
608
922
201
947
739
367
348
225
849
28
753
886
575
218
248
774
612
696
598
915
686
563
711
506
535
774
437
34
965
864
581
544
875
789
992
719
686
176
898
24
544
961
659
417
917
130
43
16
904
156
356
334
277
993
164
890
888
570
222
963
11
406
131
342
759
604
313
243
118
596
183
702
707
230
283
610
561
880
673
73
903
0
450
595
605
457
609
234
210
747
615
574
222
14
229
778
725
48
751
816
576
353
601
563
724
557
442
103
605
232
878
168
351
350
350
628
458
122
278
779
863
183
755
952
245
408
844
256
974
211
132
828
677
26
352
958
766
875
892
392
395
654
581
771
487
949
