46
141
279
179
71
333
73
219
712
822
613
852
914
945
215
319
723
950
673
343
980
145
683
4
642
772
702
700
79
714
886
213
171
335
989
623
474
402
489
374
395
471
718
666
775
893
869
676
515
866
205
525
893
758
448
258
916
913
547
91
798
945
948
825
916
778
984
395
866
670
140
836
958
519
852
501
199
525
437
886
651
65
194
89
688
505
617
182
416
533
166
838
840
43
118
888
422
675
873
223
592
562
162
597
60
618
470
589
268
157
671
679
348
144
169
766
494
89
727
960
622
774
696
367
511
358
54
608
597
202
370
613
400
838
611
41
825
865
930
59
525
966
750
975
88
285
696
98
886
707
322
696
84
641
707
527
915
181
811
231
487
987
177
562
640
63
822
221
167
615
499
958
765
685
971
548
741
592
813
248
640
776
180
394
614
970
360
711
493
220
346
202
602
482
156
672
418
721
602
205
820
797
770
158
145
803
498
667
514
292
50
485
258
130
728
432
668
939
152
480
599
75
969
808
756
875
191
160
364
86
53
619
267
548
474
81
81
744
196
588
432
866
529
783
895
30
399
744
470
142
680
190
738
635
962
53
904
557
404
37
543
737
156
555
230
343
38
256
254
746
479
885
872
325
523
99
592
811
757
463
974
415
996
124
482
560
540
269
147
18
220
773
249
849
956
648
901
778
503
465
741
809
698
810
911
772
165
123
811
162
710
657
802
466
827
14
42
343
558
297
208
530
830
741
819
462
754
619
477
905
342
122
106
745
48
790
417
276
853
958
407
96
701
215
806
888
8
272
619
664
929
785
549
114
718
159
628
533
657
178
708
213
158
42
804
122
709
866
327
445
753
369
344
635
752
675
936
700
99
672
63
618
536
936
609
169
584
878
508
705
946
483
716
555
427
292
15
666
687
300
477
766
287
86
399
891
803
585
62
947
503
697
399
20
43
92
246
845
308
406
315
510
87
481
270
637
209
531
420
429
693
870
13
537
325
59
462
150
408
328
8
685
835
991
3
881
298
257
263
898
936
780
807
954
971
160
242
591
419
219
925
244
497
455
577
946
7
693
590
757
836
161
860
914
829
904
359
227
955
447
450
991
375
457
514
2
23
553
315
367
217
440
318
923
732
50
838
324
807
399
65
721
682
36
121
839
355
283
147
909
451
587
35
112
345
587
901
546
834
321
188
66
209
580
621
227
649
741
267
121
207
923
815
163
543
378
715
420
718
897
942
685
958
715
994
576
218
208
156
777
585
149
231
62
265
202
208
927
619
672
411
704
197
448
642
466
501
161
95
667
887
671
746
546
856
370
980
954
141
156
542
504
455
897
137
369
199
661
82
196
606
688
979
186
398
453
956
401
827
745
955
222
603
537
742
992
648
159
56
846
218
202
355
613
3
770
870
54
977
360
549
437
768
841
5
359
870
895
164
988
289
513
367
727
867
36
753
291
864
496
972
986
343
415
799
584
484
871
186
572
880
290
656
446
500
467
692
649
310
981
352
657
70
200
615
526
214
995
993
71
291
871
21
386
478
974
902
146
808
602
496
65
58
435
922
989
482
268
263
452
693
883
665
762
972
372
278
375
434
807
684
202
666
234
636
546
925
764
704
613
402
919
675
357
176
489
794
285
998
563
835
873
517
541
75
373
301
517
285
202
97
179
286
593
26
890
65
529
576
275
621
450
233
352
876
89
416
139
151
107
30
548
695
527
956
142
60
397
98
954
267
924
870
261
645
91
150
530
160
587
733
929
728
383
591
105
284
96
918
350
966
125
352
32
132
686
665
636
303
681
685
14
18
502
265
791
316
409
780
442
800
62
147
354
240
58
337
135
869
976
526
456
581
920
963
245
228
138
540
693
609
306
575
184
911
792
466
933
803
706
510
905
510
820
985
980
473
613
441
783
282
645
854
480
539
274
169
225
885
226
950
523
947
345
761
865
12
435
445
4
666
578
832
655
589
550
5
352
53
194
77
393
612
875
503
670
840
257
34
742
702
343
801
131
979
132
480
288
238
409
765
986
275
116
580
870
892
425
134
684
346
612
302
534
99
413
77
325
279
583
154
148
964
801
987
86
276
101
860
193
838
173
311
207
644
12
801
662
675
92
20
516
968
306
632
966
474
403
192
881
525
54
158
786
658
797
38
974
215
182
817
805
547
181
701
89
925
579
512
318
551
57
639
753
38
846
789
361
935
562
413
287
780
568
275
257
1
55
887
371
442
317
262
103
519
323
126
67
931
445
889
866
82
760
135
263
29
271
714
988
801
845
519
296
641
506
40
648
437
783
270
470
65
566
932
195
161
544
299
138
334
432
588
310
195
682
263
582
162
36
837
876
375
906
907
607
496
998
724
992
30
181
428
626
54
649
48
360
611
425
357
819
222
215
289
608
651
806
212
275
205
629
390
339
946
120
896
759
427
835
470
516
999
742
707
276
528
621
410
83
448
395
471
258
239
870
297
475
247
330
43
783
861
729
372
360
697
173
95
384
287
3
416
5
218
697
722
899
153
658
468
396
818
273
379
227
512
472
268
604
608
362
162
450
224
266
186
662
900
653
363
227
301
227
731
762
100
33
805
310
967
577
705
549
826
717
930
612
685
736
688
97
843
438
657
277
792
376
684
221
424
241
348
803
133
506
127
45
835
670
927
626
400
459
334
189
82
474
256
520
846
723
541
763
101
775
431
947
371
892
817
574
905
17
900
614
488
0
244
131
659
201
91
518
51
379
523
987
307
351
781
579
184
5
315
886
946
233
538
483
734
323
69
569
819
277
542
982
772
869
717
666
31
927
916
488
918
687
580
629
158
731
48
324
20
996
156
424
661
421
762
84
713
181
301
149
63
7
255
858
471
22
489
675
701
622
374
374
956
590
292
796
676
825
296
951
353
506
341
451
951
598
208
78
439
4
713
41
874
511
790
446
908
667
912
73
777
936
575
948
880
247
86
877
402
960
802
588
911
556
346
721
344
459
233
638
182
433
361
241
949
516
699
858
661
456
121
885
749
721
239
54
639
459
745
157
986
896
270
454
843
187
832
186
857
40
211
75
334
469
755
795
101
514
720
70
85
647
761
601
110
753
543
2
410
811
464
803
275
159
581
145
172
651
571
851
826
936
8
884
946
939
970
24
336
540
564
719
134
211
27
384
712
457
657
509
497
419
847
742
868
977
863
810
53
382
72
43
696
257
208
610
423
577
889
450
374
745
732
691
565
128
50
616
343
909
959
697
99
314
421
112
628
569
17
132
467
774
708
393
394
179
62
391
69
383
115
534
998
828
482
30
115
255
658
390
44
902
575
941
84
411
360
96
798
402
475
403
274
10
4
992
878
98
841
78
2
782
921
670
339
704
522
768
101
35
314
580
330
829
969
300
774
15
303
60
989
324
617
598
689
497
884
667
607
403
376
393
880
650
465
153
778
585
907
313
358
395
384
122
656
731
390
767
9
657
220
55
189
926
20
863
449
541
942
606
807
837
707
838
529
995
449
147
491
879
941
224
918
14
966
889
440
791
317
221
792
698
462
402
906
709
649
310
575
601
594
205
957
310
420
43
115
780
378
764
903
672
998
678
134
286
635
733
366
483
68
153
202
193
723
274
107
132
95
940
382
339
563
531
24
857
603
901
818
259
297
950
274
757
31
802
458
884
838
855
207
303
447
976
121
506
83
452
796
34
875
801
666
837
454
345
906
164
208
368
798
479
31
177
705
826
967
542
502
48
325
114
833
255
367
687
86
478
947
184
959
296
36
397
354
706
409
800
25
174
33
232
351
447
824
710
304
640
622
265
358
208
721
568
312
378
658
994
994
461
381
220
105
166
122
861
265
203
674
701
587
615
945
413
759
763
534
421
873
751
116
112
13
362
190
751
109
596
94
833
633
716
331
371
351
151
105
491
111
463
721
156
518
595
626
702
889
11
901
853
263
802
115
422
332
512
768
852
742
546
908
699
983
952
442
43
852
122
903
774
358
795
361
758
941
667
125
929
268
294
919
605
805
695
63
699
426
250
371
671
477
722
187
730
972
455
768
900
779
124
653
937
284
528
771
825
784
918
56
509
949
739
408
487
473
102
18
93
207
702
74
78
346
217
220
99
570
927
463
315
817
490
814
947
242
215
15
794
212
165
309
566
758
351
950
859
968
729
431
686
268
104
833
876
644
518
645
596
306
463
805
603
714
63
133
975
75
405
677
624
264
941
870
587
904
75
27
958
587
802
612
578
208
454
858
132
372
248
483
70
104
802
886
596
826
360
698
230
802
334
916
852
616
12
567
349
896
129
698
823
249
771
471
874
98
582
292
977
249
228
917
720
744
543
493
565
679
956
195
351
506
886
530
574
260
694
680
174
509
758
954
240
93
865
241
285
71
158
790
805
497
942
66
753
720
528
499
99
416
536
757
873
754
556
304
660
370
845
150
449
287
530
361
673
780
746
351
214
483
20
432
667
274
647
738
256
949
765
452
945
627
687
230
296
688
457
971
515
509
135
385
270
434
995
168
57
661
364
523
485
700
327
11
879
96
23
102
338
217
137
489
968
669
334
644
516
494
618
879
331
805
748
937
652
291
126
5
141
564
305
696
361
874
825
834
63
434
448
817
964
195
222
773
921
981
126
410
376
860
424
761
120
165
175
843
589
402
483
352
223
221
69
434
533
467
199
145
53
569
387
984
69
203
878
649
709
989
828
573
365
870
397
677
12
966
661
524
800
861
961
414
543
383
909
277
677
916
498
47
960
590
789
373
902
958
674
88
527
139
551
933
411
491
533
275
558
250
835
609
117
972
540
614
532
644
125
513
580
60
963
972
81
952
905
809
260
886
968
209
443
186
647
593
274
608
574
257
490
295
5
636
633
370
415
561
129
270
515
950
260
665
666
239
374
840
146
673
649
161
286
989
346
315
518
694
989
718
343
467
233
453
808
394
131
751
3
408
373
403
211
589
142
250
922
46
992
368
157
979
270
124
58
727
679
846
91
541
893
20
923
746
815
573
970
458
567
290
345
562
377
530
720
276
393
639
917
125
968
96
957
768
261
56
442
417
301
919
622
9
777
609
267
855
863
886
923
102
845
731
650
509
965
573
968
132
679
467
538
743
981
261
172
144
354
815
27
598
632
794
520
892
827
231
96
288
879
371
297
802
143
975
598
250
84
172
919
690
661
302
416
191
16
621
678
355
204
452
127
954
464
263
510
419
228
132
968
771
761
544
307
741
94
458
843
112
607
721
810
655
976
823
289
764
933
775
548
289
27
782
869
637
194
49
429
168
35
119
187
551
982
775
279
885
666
82
255
363
872
411
851
540
637
628
368
812
811
105
797
485
286
395
516
108
741
311
973
428
138
292
289
275
249
781
281
110
907
492
342
266
801
706
891
527
186
453
535
510
674
438
917
679
620
961
175
0
714
374
887
965
192
662
632
579
867
963
230
26
114
430
400
955
940
525
703
943
37
43
599
404
370
173
263
162
700
798
462
94
544
499
452
400
307
874
137
762
635
610
311
501
578
989
442
789
98
161
362
956
20
895
760
817
648
643
443
747
847
895
248
895
535
526
853
437
535
358
828
837
829
3
304
893
832
691
371
777
137
36
902
315
852
71
404
283
405
163
248
701
921
202
987
902
608
28
10
259
212
529
582
59
630
988
621
65
122
216
95
368
397
446
796
77
153
49
304
307
119
497
136
663
354
181
735
726
271
817
823
252
525
607
77
538
618
415
957
703
48
175
184
900
929
825
503
831
647
862
960
418
422
235
197
156
165
594
471
281
717
524
324
810
536
215
211
412
522
896
183
41
351
405
436
292
80
81
331
662
199
330
327
702
603
512
364
97
899
176
693
834
387
699
191
711
59
507
439
655
827
871
710
320
114
627
122
451
175
618
218
110
900
572
862
490
195
61
123
224
485
340
918
345
450
323
910
302
477
562
155
680
223
591
967
587
390
39
189
436
896
577
355
916
136
938
928
983
318
929
239
983
182
318
196
469
716
244
575
22
408
700
885
801
933
684
12
954
88
358
820
825
37
955
761
909
840
22
3
925
130
571
161
94
319
461
588
781
837
129
222
976
172
231
395
461
361
502
873
331
833
366
68
960
875
18
124
47
270
119
635
553
276
562
6
955
806
947
685
675
351
769
570
471
385
988
31
352
246
857
403
67
992
19
373
569
573
160
524
952
496
280
617
360
100
149
782
431
464
142
343
333
646
72
606
673
744
664
124
192
906
753
215
853
87
359
162
217
178
868
10
920
421
192
622
40
131
779
739
563
485
62
647
705
743
155
740
246
294
496
136
242
338
12
29
265
43
88
324
514
857
674
784
129
789
936
263
382
665
938
856
156
748
451
556
345
308
541
326
751
953
697
732
377
848
236
931
467
934
888
131
979
503
400
484
681
569
268
78
943
240
169
845
219
987
43
333
940
135
23
330
960
790
155
573
421
376
542
225
214
532
89
269
602
556
866
924
404
355
146
390
30
644
807
199
308
823
921
454
661
430
646
164
777
145
571
757
958
916
645
337
603
915
948
955
372
963
499
161
182
698
482
892
607
927
826
556
363
180
67
947
45
588
477
34
163
817
870
256
649
868
722
659
614
957
306
402
210
500
884
334
715
861
460
751
667
896
88
832
446
955
340
882
440
489
60
701
138
709
401
880
508
369
373
237
732
179
368
607
835
886
190
295
460
585
791
638
54
593
286
777
922
318
17
17
381
138
916
126
174
21
562
404
977
731
229
703
202
181
654
10
25
140
953
591
514
460
195
64
772
9
255
180
88
663
564
305
838
451
145
239
997
459
761
486
414
627
293
261
344
296
328
918
422
68
184
677
243
861
697
763
817
580
114
501
952
700
584
943
107
661
796
444
732
443
655
529
208
836
583
924
645
381
354
117
291
374
885
403
469
265
525
56
540
409
969
254
369
999
760
857
259
111
225
756
262
288
871
152
903
494
59
650
454
693
160
191
540
695
756
0
38
209
526
588
932
33
108
19
836
441
989
997
197
313
597
327
57
581
787
504
471
356
86
824
963
499
207
772
68
515
515
974
450
70
352
913
203
780
311
297
737
957
675
628
292
946
388
850
459
497
526
314
372
73
925
246
288
246
531
809
942
133
900
310
602
422
130
786
124
316
732
873
291
378
956
31
298
517
334
859
336
630
69
517
67
0
781
487
495
975
256
55
329
208
979
652
470
830
183
410
886
476
804
691
349
538
707
521
320
253
233
451
359
782
769
389
519
856
435
154
208
980
335
848
217
852
530
277
637
209
972
738
745
372
456
878
602
941
565
937
841
532
379
58
185
751
544
378
177
601
368
331
844
899
392
105
622
309
657
6
910
743
836
97
991
257
466
442
126
688
502
221
565
446
149
552
269
282
586
793
96
678
311
529
279
715
549
904
257
177
502
471
89
431
511
635
404
250
86
703
365
909
991
115
223
24
71
160
676
589
467
474
220
237
84
441
565
277
503
552
571
518
980
60
99
454
111
490
583
876
480
807
39
449
377
234
933
288
328
29
216
715
761
512
240
50
869
746
869
524
338
205
517
989
585
386
638
475
604
580
992
587
742
123
193
445
295
255
186
608
938
912
639
914
768
912
225
45
669
671
921
672
113
97
777
77
816
690
95
191
374
944
615
988
708
977
385
485
823
645
643
433
348
679
55
445
1
328
173
643
4
201
378
692
328
632
435
442
408
648
625
434
83
187
733
391
571
137
550
646
880
612
178
636
29
806
3
250
691
549
431
401
508
128
213
419
767
560
904
676
262
703
379
482
787
948
932
172
135
297
639
802
106
945
729
310
133
443
813
806
378
296
19
158
732
315
403
49
13
524
679
732
517
279
885
596
839
64
632
25
848
468
464
715
981
254
343
872
653
655
533
573
995
268
512
510
767
690
98
363
724
7
454
850
461
695
472
418
857
792
793
105
611
91
246
602
744
254
566
660
749
275
900
602
311
354
203
166
924
185
834
589
119
240
904
25
525
777
163
379
916
347
190
398
276
56
735
51
505
18
143
6
97
542
208
312
427
638
100
237
108
245
793
714
779
270
325
888
563
468
959
193
688
176
278
403
761
438
443
924
885
901
998
293
185
62
295
910
584
254
156
22
270
643
632
176
42
569
49
3
707
779
975
240
230
601
590
581
252
790
562
200
774
953
380
168
367
734
355
764
13
850
45
191
698
485
951
222
22
881
222
775
47
348
263
193
123
334
960
431
707
958
213
144
363
85
645
558
166
732
313
624
905
587
788
563
597
989
843
256
673
106
184
869
677
837
157
592
805
350
908
821
13
179
672
731
439
848
710
195
62
10
727
583
970
655
14
245
904
263
310
520
131
351
68
16
687
82
213
315
628
89
924
248
987
409
515
868
501
611
356
709
570
266
737
215
194
702
450
738
479
485
733
487
532
790
248
889
828
716
795
9
12
854
833
520
395
621
238
919
763
488
563
647
619
455
443
981
529
917
350
263
171
484
136
360
464
800
612
640
223
365
899
792
137
149
483
546
466
494
107
461
814
217
176
405
287
396
701
305
724
999
719
1
257
402
633
251
958
861
217
747
404
509
22
773
168
21
919
676
45
878
111
362
263
181
505
860
344
491
689
193
41
897
810
57
453
100
32
23
525
859
403
548
311
245
770
215
710
761
964
177
620
875
781
619
197
145
127
684
731
579
51
338
606
505
772
856
866
921
510
385
103
477
948
701
635
167
96
892
456
24
938
562
615
769
989
714
669
437
743
248
181
47
427
746
799
443
278
929
420
764
904
887
453
994
433
877
351
45
934
611
827
727
542
256
470
87
339
598
288
869
256
385
715
742
50
997
981
190
408
907
507
123
244
50
36
538
838
353
643
760
651
792
765
790
403
154
524
681
316
230
383
866
952
94
983
125
62
992
126
557
554
410
786
956
85
318
910
445
370
187
318
10
462
970
146
342
237
815
759
718
950
109
670
592
149
316
552
351
547
643
703
187
171
562
650
75
776
542
155
946
352
951
61
897
909
539
707
701
125
861
778
389
154
507
139
482
677
904
557
366
396
990
632
435
13
996
393
867
693
49
439
940
583
963
110
731
162
690
548
620
481
543
784
129
938
356
688
67
326
341
159
24
985
721
921
193
619
684
908
540
62
624
194
687
112
244
696
575
123
688
159
703
184
79
765
718
99
596
492
194
537
768
42
787
591
755
18
915
849
169
314
935
221
655
798
754
226
332
917
492
488
479
41
342
699
928
599
949
369
560
142
438
229
494
698
181
254
588
323
813
590
588
467
841
609
938
530
722
585
83
537
329
901
194
559
310
595
322
562
436
839
452
231
669
272
879
594
954
177
593
724
783
555
118
536
106
988
442
95
334
458
875
79
125
477
966
517
626
461
369
526
455
992
548
358
535
959
742
193
514
4
104
7
915
138
209
71
236
954
187
492
869
443
204
479
818
836
460
572
652
992
22
285
991
549
218
308
992
857
141
661
603
470
915
336
716
575
572
331
660
124
53
620
785
644
985
843
884
244
202
661
419
275
200
81
292
959
804
800
293
449
242
213
999
651
566
869
407
576
607
531
391
192
19
676
499
45
439
455
647
736
512
309
132
941
257
312
851
163
537
245
1
614
350
461
709
656
323
327
784
806
169
412
623
687
584
346
724
296
266
887
817
272
424
945
700
290
895
872
988
508
553
607
741
918
617
7
601
619
13
98
420
462
236
627
306
770
791
393
950
390
230
817
886
259
578
938
876
620
522
686
250
873
997
389
922
328
1
335
772
375
725
881
501
295
117
195
677
480
839
606
340
359
539
437
555
851
882
796
379
179
260
860
560
732
679
691
331
922
866
833
838
56
692
30
785
693
585
178
968
514
232
905
686
836
750
898
665
101
845
861
991
387
683
868
144
675
220
242
297
59
660
933
363
896
327
957
865
858
597
522
622
987
935
714
718
531
853
920
331
431
669
548
495
42
370
428
842
297
176
15
737
782
147
556
142
497
109
756
900
467
661
345
794
30
669
273
117
583
549
50
165
0
585
925
222
965
947
577
456
865
203
456
7
616
104
927
734
913
900
177
295
780
753
155
784
768
674
612
937
445
906
101
53
341
698
921
303
521
792
595
16
733
951
586
799
620
519
743
246
420
802
619
190
870
708
168
539
904
793
492
892
506
533
383
573
629
455
677
240
362
443
787
359
590
222
636
55
567
74
867
327
616
687
80
604
335
175
613
902
893
822
924
13
611
471
656
198
190
185
444
180
760
938
919
72
700
47
915
103
285
926
985
100
3
974
304
308
717
621
446
754
826
894
18
30
618
837
555
531
316
750
320
198
241
239
772
747
734
197
877
782
865
906
10
618
977
850
841
555
533
147
758
205
31
468
147
515
213
292
430
298
132
538
3
549
209
243
55
197
724
783
564
43
526
197
534
436
708
182
712
862
900
881
881
539
289
765
55
734
727
178
772
232
0
619
112
649
71
92
418
536
159
944
539
804
490
134
132
764
521
203
284
297
584
165
649
359
396
203
672
206
171
110
124
222
776
663
741
928
441
776
963
231
584
474
867
216
370
587
298
744
864
934
377
658
845
935
980
301
538
68
247
731
138
731
89
263
879
345
564
678
74
533
304
522
896
109
974
667
95
882
641
793
915
78
662
782
762
827
35
293
313
434
667
382
741
990
745
624
741
662
947
984
434
890
138
614
436
68
759
339
634
5
422
207
272
816
356
488
61
533
951
237
776
632
189
688
711
340
965
767
865
197
581
599
12
649
99
435
476
580
37
603
550
990
95
677
757
711
145
57
150
482
512
392
627
509
349
940
139
851
734
175
167
958
12
86
688
359
103
364
723
490
587
357
897
185
765
641
522
770
151
614
656
225
918
421
762
165
896
829
320
39
135
545
848
238
860
112
191
986
743
7
920
538
697
227
815
181
406
320
426
457
204
287
932
604
680
897
115
503
176
247
614
935
375
319
607
233
401
821
579
656
794
361
569
211
895
150
629
787
973
761
853
658
215
946
980
77
646
680
871
185
425
144
271
596
186
295
469
146
493
561
130
600
527
733
576
652
656
411
530
662
662
1
693
60
421
789
441
436
75
337
218
825
116
108
760
59
792
742
870
64
150
60
392
499
322
998
200
788
569
381
830
161
578
80
489
21
32
372
292
74
347
625
856
326
763
624
257
489
86
994
54
196
956
960
752
350
583
511
428
1
757
561
171
723
765
654
91
431
759
606
6
953
382
613
735
253
426
672
631
295
775
475
110
623
254
345
723
888
71
51
86
282
592
528
504
667
756
22
491
999
447
627
926
161
596
993
724
778
915
77
886
231
